0.000000000000000000e+00 0.000000000000000000e+00 0.000000000000000000e+00
2.064400000000000523e-03 -5.000000000000000240e-05 0.000000000000000000e+00
4.257600000000000273e-03 -2.000000000000000096e-04 0.000000000000000000e+00
6.579599999999998818e-03 -4.499999999999999877e-04 0.000000000000000000e+00
9.030399999999999192e-03 -8.000000000000000383e-04 0.000000000000000000e+00
1.160999999999999879e-02 -1.250000000000000243e-03 0.000000000000000000e+00
1.431839999999999849e-02 -1.799999999999999951e-03 0.000000000000000000e+00
1.715560000000000349e-02 -2.450000000000000355e-03 0.000000000000000000e+00
2.012159999999999990e-02 -3.200000000000000153e-03 0.000000000000000000e+00
2.321639999999999815e-02 -4.049999999999999781e-03 0.000000000000000000e+00
2.644000000000000516e-02 -5.000000000000000971e-03 0.000000000000000000e+00
2.979240000000000013e-02 -6.049999999999999822e-03 0.000000000000000000e+00
3.327360000000000040e-02 -7.199999999999999803e-03 0.000000000000000000e+00
3.688360000000000249e-02 -8.450000000000000913e-03 0.000000000000000000e+00
4.062240000000000295e-02 -9.800000000000001418e-03 0.000000000000000000e+00
4.449000000000000177e-02 -1.124999999999999958e-02 0.000000000000000000e+00
4.848639999999999894e-02 -1.280000000000000061e-02 0.000000000000000000e+00
5.261160000000000142e-02 -1.445000000000000277e-02 0.000000000000000000e+00
5.686560000000000226e-02 -1.619999999999999912e-02 0.000000000000000000e+00
6.124840000000000145e-02 -1.805000000000000007e-02 0.000000000000000000e+00
6.576000000000001289e-02 -2.000000000000000389e-02 0.000000000000000000e+00
7.040040000000000187e-02 -2.204999999999999669e-02 0.000000000000000000e+00
7.516960000000000308e-02 -2.419999999999999929e-02 0.000000000000000000e+00
8.006760000000000266e-02 -2.645000000000000129e-02 0.000000000000000000e+00
8.509440000000000059e-02 -2.879999999999999921e-02 0.000000000000000000e+00
9.024999999999999689e-02 -3.125000000000000000e-02 0.000000000000000000e+00
9.553440000000001930e-02 -3.380000000000000365e-02 0.000000000000000000e+00
1.009476000000000123e-01 -3.645000000000000323e-02 0.000000000000000000e+00
1.064896000000000176e-01 -3.920000000000000567e-02 0.000000000000000000e+00
1.121603999999999934e-01 -4.204999999999999710e-02 0.000000000000000000e+00
1.179599999999999815e-01 -4.499999999999999833e-02 0.000000000000000000e+00
1.238884000000000096e-01 -4.805000000000000243e-02 0.000000000000000000e+00
1.299455999999999944e-01 -5.120000000000000245e-02 0.000000000000000000e+00
1.361316000000000193e-01 -5.445000000000000534e-02 0.000000000000000000e+00
1.424464000000000286e-01 -5.780000000000001109e-02 0.000000000000000000e+00
1.488900000000000223e-01 -6.125000000000001277e-02 0.000000000000000000e+00
1.554624000000000006e-01 -6.479999999999999649e-02 0.000000000000000000e+00
1.621635999999999911e-01 -6.844999999999999696e-02 0.000000000000000000e+00
1.689936000000000216e-01 -7.220000000000000029e-02 0.000000000000000000e+00
1.759524000000000088e-01 -7.605000000000000648e-02 0.000000000000000000e+00
1.830400000000000083e-01 -8.000000000000001554e-02 0.000000000000000000e+00
1.902563999999999922e-01 -8.405000000000001359e-02 0.000000000000000000e+00
1.976015999999999606e-01 -8.819999999999998674e-02 0.000000000000000000e+00
2.050755999999999690e-01 -9.244999999999999052e-02 0.000000000000000000e+00
2.126783999999999897e-01 -9.679999999999999716e-02 0.000000000000000000e+00
2.204099999999999948e-01 -1.012500000000000067e-01 0.000000000000000000e+00
2.282703999999999844e-01 -1.058000000000000052e-01 0.000000000000000000e+00
2.362596000000000418e-01 -1.104500000000000204e-01 0.000000000000000000e+00
2.443775999999999726e-01 -1.151999999999999968e-01 0.000000000000000000e+00
2.526243999999999712e-01 -1.200499999999999901e-01 0.000000000000000000e+00
2.610000000000000098e-01 -1.250000000000000000e-01 0.000000000000000000e+00
2.693224000000000173e-01 -1.300580000000000347e-01 0.000000000000000000e+00
2.774095999999999784e-01 -1.352319999999999911e-01 0.000000000000000000e+00
2.852616000000000041e-01 -1.405220000000000080e-01 0.000000000000000000e+00
2.928783999999999832e-01 -1.459280000000000022e-01 0.000000000000000000e+00
3.002600000000000269e-01 -1.514500000000000290e-01 0.000000000000000000e+00
3.074063999999999686e-01 -1.570880000000000332e-01 0.000000000000000000e+00
3.143176000000000303e-01 -1.628420000000000145e-01 0.000000000000000000e+00
3.209935999999999345e-01 -1.687119999999999731e-01 0.000000000000000000e+00
3.274343999999999588e-01 -1.746979999999999644e-01 0.000000000000000000e+00
3.336399999999999921e-01 -1.807999999999999607e-01 0.000000000000000000e+00
3.396103999999999790e-01 -1.870179999999999898e-01 0.000000000000000000e+00
3.453455999999999748e-01 -1.933519999999999961e-01 0.000000000000000000e+00
3.508455999999999797e-01 -1.998020000000000351e-01 0.000000000000000000e+00
3.561103999999999381e-01 -2.063679999999999959e-01 0.000000000000000000e+00
3.611400000000000166e-01 -2.130500000000000171e-01 0.000000000000000000e+00
3.659343999999999930e-01 -2.198480000000000156e-01 0.000000000000000000e+00
3.704935999999999785e-01 -2.267620000000000191e-01 0.000000000000000000e+00
3.748175999999999730e-01 -2.337920000000000276e-01 0.000000000000000000e+00
3.789064000000000321e-01 -2.409380000000000410e-01 0.000000000000000000e+00
3.827599999999999891e-01 -2.482000000000000317e-01 0.000000000000000000e+00
3.863784000000000107e-01 -2.555779999999999719e-01 0.000000000000000000e+00
3.897615999999999858e-01 -2.630719999999999725e-01 0.000000000000000000e+00
3.929095999999999700e-01 -2.706819999999999782e-01 0.000000000000000000e+00
3.958224000000000187e-01 -2.784079999999999888e-01 0.000000000000000000e+00
3.984999999999999654e-01 -2.862500000000000044e-01 0.000000000000000000e+00
4.009424000000000321e-01 -2.942080000000000251e-01 0.000000000000000000e+00
4.031495999999999968e-01 -3.022820000000000507e-01 0.000000000000000000e+00
4.051215999999999706e-01 -3.104719999999999702e-01 0.000000000000000000e+00
4.068584000000000644e-01 -3.187780000000000058e-01 0.000000000000000000e+00
4.083600000000000008e-01 -3.272000000000000464e-01 0.000000000000000000e+00
4.096264000000000016e-01 -3.357380000000000364e-01 0.000000000000000000e+00
4.106575999999999560e-01 -3.443920000000000314e-01 0.000000000000000000e+00
4.114535999999999749e-01 -3.531620000000000870e-01 0.000000000000000000e+00
4.120144000000000029e-01 -3.620479999999999809e-01 0.000000000000000000e+00
4.123399999999999843e-01 -3.710499999999999909e-01 0.000000000000000000e+00
4.124303999999999748e-01 -3.801679999999999504e-01 0.000000000000000000e+00
4.122856000000000298e-01 -3.894020000000000259e-01 0.000000000000000000e+00
4.119055999999999829e-01 -3.987519999999999953e-01 0.000000000000000000e+00
4.112904000000000004e-01 -4.082180000000000253e-01 0.000000000000000000e+00
4.104400000000000270e-01 -4.178000000000000602e-01 0.000000000000000000e+00
4.093544000000000072e-01 -4.274980000000000446e-01 0.000000000000000000e+00
4.080335999999999963e-01 -4.373120000000000340e-01 0.000000000000000000e+00
4.064775999999999945e-01 -4.472420000000000284e-01 0.000000000000000000e+00
4.046864000000000017e-01 -4.572880000000000278e-01 0.000000000000000000e+00
4.026599999999999624e-01 -4.674500000000000877e-01 0.000000000000000000e+00
4.003983999999999321e-01 -4.777279999999999305e-01 0.000000000000000000e+00
3.979016000000000219e-01 -4.881220000000000003e-01 0.000000000000000000e+00
3.951696000000000097e-01 -4.986320000000000197e-01 0.000000000000000000e+00
3.922024000000000066e-01 -5.092579999999999885e-01 0.000000000000000000e+00
3.890000000000000124e-01 -5.200000000000000178e-01 0.000000000000000000e+00
3.893855999999999984e-01 -5.132379999999999720e-01 0.000000000000000000e+00
3.896624000000000199e-01 -5.065520000000000023e-01 0.000000000000000000e+00
3.898304000000000213e-01 -4.999419999999999975e-01 0.000000000000000000e+00
3.898895999999999473e-01 -4.934079999999999577e-01 0.000000000000000000e+00
3.898400000000000198e-01 -4.869500000000000495e-01 0.000000000000000000e+00
3.896816000000000724e-01 -4.805679999999999952e-01 0.000000000000000000e+00
3.894144000000000494e-01 -4.742620000000000169e-01 0.000000000000000000e+00
3.890384000000000064e-01 -4.680320000000000036e-01 0.000000000000000000e+00
3.885536000000000545e-01 -4.618780000000000108e-01 0.000000000000000000e+00
3.879600000000000826e-01 -4.558000000000000940e-01 0.000000000000000000e+00
3.872575999999999796e-01 -4.497980000000000311e-01 0.000000000000000000e+00
3.864464000000000232e-01 -4.438719999999999888e-01 0.000000000000000000e+00
3.855264000000000468e-01 -4.380220000000000224e-01 0.000000000000000000e+00
3.844975999999999949e-01 -4.322479999999999656e-01 0.000000000000000000e+00
3.833600000000000341e-01 -4.265499999999999847e-01 0.000000000000000000e+00
3.821135999999999977e-01 -4.209279999999999688e-01 0.000000000000000000e+00
3.807583999999999969e-01 -4.153820000000000290e-01 0.000000000000000000e+00
3.792944000000000315e-01 -4.099120000000000541e-01 0.000000000000000000e+00
3.777215999999999907e-01 -4.045179999999999887e-01 0.000000000000000000e+00
3.760400000000000409e-01 -3.991999999999999993e-01 0.000000000000000000e+00
3.742496000000000156e-01 -3.939580000000000304e-01 0.000000000000000000e+00
3.723503999999999703e-01 -3.887919999999999709e-01 0.000000000000000000e+00
3.703424000000000715e-01 -3.837019999999999875e-01 0.000000000000000000e+00
3.682256000000000418e-01 -3.786880000000000246e-01 0.000000000000000000e+00
3.659999999999999920e-01 -3.737500000000000266e-01 0.000000000000000000e+00
3.636656000000000333e-01 -3.688879999999999937e-01 0.000000000000000000e+00
3.612224000000000546e-01 -3.641019999999999812e-01 0.000000000000000000e+00
3.586704000000000003e-01 -3.593919999999999892e-01 0.000000000000000000e+00
3.560096000000000371e-01 -3.547579999999999623e-01 0.000000000000000000e+00
3.532399999999999984e-01 -3.502000000000000113e-01 0.000000000000000000e+00
3.503615999999999953e-01 -3.457180000000000253e-01 0.000000000000000000e+00
3.473743999999999721e-01 -3.413119999999999488e-01 0.000000000000000000e+00
3.442783999999999844e-01 -3.369820000000000038e-01 0.000000000000000000e+00
3.410736000000000323e-01 -3.327279999999999682e-01 0.000000000000000000e+00
3.377600000000000602e-01 -3.285500000000000087e-01 0.000000000000000000e+00
3.343376000000000126e-01 -3.244480000000000142e-01 0.000000000000000000e+00
3.308064000000000560e-01 -3.204220000000000401e-01 0.000000000000000000e+00
3.271664000000000239e-01 -3.164719999999999756e-01 0.000000000000000000e+00
3.234176000000000273e-01 -3.125979999999999315e-01 0.000000000000000000e+00
3.195599999999999552e-01 -3.087999999999999634e-01 0.000000000000000000e+00
3.155936000000000297e-01 -3.050779999999999603e-01 0.000000000000000000e+00
3.115183999999999731e-01 -3.014319999999999777e-01 0.000000000000000000e+00
3.073344000000000076e-01 -2.978620000000000156e-01 0.000000000000000000e+00
3.030415999999999666e-01 -2.943680000000000185e-01 0.000000000000000000e+00
2.986400000000000166e-01 -2.909499999999999864e-01 0.000000000000000000e+00
2.941295999999999911e-01 -2.876079999999999748e-01 0.000000000000000000e+00
2.895104000000000011e-01 -2.843419999999999837e-01 0.000000000000000000e+00
2.847824000000000466e-01 -2.811519999999999575e-01 0.000000000000000000e+00
2.799456000000000166e-01 -2.780380000000000074e-01 0.000000000000000000e+00
2.750000000000000222e-01 -2.750000000000000222e-01 0.000000000000000000e+00
2.699900000000000078e-01 -2.720299999999999940e-01 0.000000000000000000e+00
2.649599999999999733e-01 -2.691199999999999704e-01 0.000000000000000000e+00
2.599100000000000299e-01 -2.662700000000000067e-01 0.000000000000000000e+00
2.548400000000000110e-01 -2.634800000000000475e-01 0.000000000000000000e+00
2.497500000000000275e-01 -2.607500000000000373e-01 0.000000000000000000e+00
2.446400000000000241e-01 -2.580799999999999761e-01 0.000000000000000000e+00
2.395100000000000007e-01 -2.554699999999999749e-01 0.000000000000000000e+00
2.343600000000000128e-01 -2.529200000000000337e-01 0.000000000000000000e+00
2.291900000000000048e-01 -2.504299999999999859e-01 0.000000000000000000e+00
2.240000000000000324e-01 -2.479999999999999982e-01 0.000000000000000000e+00
2.187899999999999845e-01 -2.456300000000000150e-01 0.000000000000000000e+00
2.135599999999999998e-01 -2.433199999999999807e-01 0.000000000000000000e+00
2.083099999999999952e-01 -2.410700000000000065e-01 0.000000000000000000e+00
2.030399999999999983e-01 -2.388800000000000090e-01 0.000000000000000000e+00
1.977500000000000369e-01 -2.367499999999999605e-01 0.000000000000000000e+00
1.924399999999999999e-01 -2.346799999999999997e-01 0.000000000000000000e+00
1.871099999999999985e-01 -2.326699999999999879e-01 0.000000000000000000e+00
1.817600000000000049e-01 -2.307199999999999807e-01 0.000000000000000000e+00
1.763899999999999912e-01 -2.288299999999999779e-01 0.000000000000000000e+00
1.709999999999999853e-01 -2.269999999999999796e-01 0.000000000000000000e+00
1.655899999999999872e-01 -2.252299999999999858e-01 0.000000000000000000e+00
1.601599999999999968e-01 -2.235200000000000242e-01 0.000000000000000000e+00
1.547100000000000142e-01 -2.218700000000000117e-01 0.000000000000000000e+00
1.492400000000000115e-01 -2.202800000000000313e-01 0.000000000000000000e+00
1.437499999999999889e-01 -2.187500000000000000e-01 0.000000000000000000e+00
1.382400000000000018e-01 -2.172800000000000287e-01 0.000000000000000000e+00
1.327099999999999946e-01 -2.158700000000000341e-01 0.000000000000000000e+00
1.271599999999999953e-01 -2.145200000000000162e-01 0.000000000000000000e+00
1.215900000000000036e-01 -2.132300000000000306e-01 0.000000000000000000e+00
1.160000000000000198e-01 -2.119999999999999940e-01 0.000000000000000000e+00
1.103900000000000020e-01 -2.108299999999999896e-01 0.000000000000000000e+00
1.047600000000000059e-01 -2.097200000000000453e-01 0.000000000000000000e+00
9.910999999999998977e-02 -2.086699999999999666e-01 0.000000000000000000e+00
9.343999999999998141e-02 -2.076799999999999757e-01 0.000000000000000000e+00
8.774999999999999467e-02 -2.067499999999999893e-01 0.000000000000000000e+00
8.204000000000000181e-02 -2.058800000000000074e-01 0.000000000000000000e+00
7.631000000000000283e-02 -2.050700000000000300e-01 0.000000000000000000e+00
7.055999999999999772e-02 -2.043200000000000294e-01 0.000000000000000000e+00
6.479000000000000037e-02 -2.036300000000000054e-01 0.000000000000000000e+00
5.900000000000001077e-02 -2.030000000000000693e-01 0.000000000000000000e+00
5.319000000000000117e-02 -2.024300000000000266e-01 0.000000000000000000e+00
4.735999999999999238e-02 -2.019200000000000161e-01 0.000000000000000000e+00
4.151000000000000523e-02 -2.014699999999999824e-01 0.000000000000000000e+00
3.563999999999999807e-02 -2.010800000000000087e-01 0.000000000000000000e+00
2.975000000000000214e-02 -2.007500000000000395e-01 0.000000000000000000e+00
2.383999999999999661e-02 -2.004800000000000193e-01 0.000000000000000000e+00
1.790999999999999537e-02 -2.002699999999999758e-01 0.000000000000000000e+00
1.196000000000000014e-02 -2.001200000000000201e-01 0.000000000000000000e+00
5.990000000000000532e-03 -2.000299999999999856e-01 0.000000000000000000e+00
0.000000000000000000e+00 -2.000000000000000111e-01 0.000000000000000000e+00
