0.000000000000000000e+00 0.000000000000000000e+00 0.000000000000000000e+00
7.895736269218057990e-03 -1.976165986294976568e-04 0.000000000000000000e+00
1.619823493141665446e-02 -7.904663945179906271e-04 0.000000000000000000e+00
2.490749598659579289e-02 -1.778549387665479074e-03 0.000000000000000000e+00
3.402351943475546286e-02 -3.161865578071962508e-03 0.000000000000000000e+00
4.354630527589568867e-02 -4.940414965737442016e-03 0.000000000000000000e+00
5.347585351001644949e-02 -7.114197550661916294e-03 0.000000000000000000e+00
6.381216413711775226e-02 -9.683213332845387947e-03 0.000000000000000000e+00
7.455523715719956923e-02 -1.264746231228785003e-02 0.000000000000000000e+00
8.570507257026194203e-02 -1.600694448898930949e-02 0.000000000000000000e+00
9.726167037630487067e-02 -1.976165986294976806e-02 0.000000000000000000e+00
1.091135421577031084e-01 -2.427395525272246432e-02 0.000000000000000000e+00
1.211491994968315611e-01 -2.990617747686066807e-02 0.000000000000000000e+00
1.333686423936901455e-01 -3.665832653536436891e-02 0.000000000000000000e+00
1.457718708482788894e-01 -4.453040242823357031e-02 0.000000000000000000e+00
1.583588848605977373e-01 -5.352240515546824451e-02 0.000000000000000000e+00
1.711296844306468001e-01 -6.363433471706844702e-02 0.000000000000000000e+00
1.840842695584259947e-01 -7.486619111303413621e-02 0.000000000000000000e+00
1.972226402439353210e-01 -8.721797434336529820e-02 0.000000000000000000e+00
2.105447964871748345e-01 -1.006896844080620024e-01 0.000000000000000000e+00
2.240507382881445353e-01 -1.152813213071242071e-01 0.000000000000000000e+00
2.372886785246689778e-01 -1.307594196230307815e-01 0.000000000000000000e+00
2.498068300745730774e-01 -1.468905139382608027e-01 0.000000000000000000e+00
2.616051929378567231e-01 -1.636746042528142153e-01 0.000000000000000000e+00
2.726837671145198594e-01 -1.811116905666909915e-01 0.000000000000000000e+00
2.830425526045626805e-01 -1.992017728798912146e-01 0.000000000000000000e+00
2.926815494079849644e-01 -2.179448511924148013e-01 0.000000000000000000e+00
3.016007575247868777e-01 -2.373409255042617794e-01 0.000000000000000000e+00
3.098001769549683093e-01 -2.573899958154322043e-01 0.000000000000000000e+00
3.172798076985292592e-01 -2.780920621259258541e-01 0.000000000000000000e+00
3.240396497554697830e-01 -2.994471244357430062e-01 0.000000000000000000e+00
3.298445627687064396e-01 -3.211849853592548265e-01 0.000000000000000000e+00
3.344594063811556772e-01 -3.430354475108325918e-01 0.000000000000000000e+00
3.378841805928174402e-01 -3.649985108904761910e-01 0.000000000000000000e+00
3.401188854036919507e-01 -3.870741754981858462e-01 0.000000000000000000e+00
3.411635208137790420e-01 -4.092624413339612799e-01 0.000000000000000000e+00
3.410180868230787699e-01 -4.315633083978026585e-01 0.000000000000000000e+00
3.396825834315910786e-01 -4.539767766897100376e-01 0.000000000000000000e+00
3.371570106393160238e-01 -4.765028462096833062e-01 0.000000000000000000e+00
3.334413684462536054e-01 -4.991415169577224642e-01 0.000000000000000000e+00
3.285356568524037124e-01 -5.218927889338276227e-01 0.000000000000000000e+00
3.232065849466311258e-01 -5.435223517175058472e-01 0.000000000000000000e+00
3.182208618178007931e-01 -5.627958948882642032e-01 0.000000000000000000e+00
3.135784874659123256e-01 -5.797134184461029127e-01 0.000000000000000000e+00
3.092794618909658899e-01 -5.942749223910220868e-01 0.000000000000000000e+00
3.053237850929615416e-01 -6.064804067230212814e-01 0.000000000000000000e+00
3.017114570718991695e-01 -6.163298714421010516e-01 0.000000000000000000e+00
2.984424778277788848e-01 -6.238233165482608422e-01 0.000000000000000000e+00
2.955168473606006319e-01 -6.289607420415009864e-01 0.000000000000000000e+00
2.929345656703644107e-01 -6.317421479218214841e-01 0.000000000000000000e+00
2.906956327570702214e-01 -6.321675341892221134e-01 0.000000000000000000e+00
2.887591271307387020e-01 -6.303827553264194083e-01 0.000000000000000000e+00
2.870841273013904349e-01 -6.265336658161295702e-01 0.000000000000000000e+00
2.856706332690254202e-01 -6.206202656583525989e-01 0.000000000000000000e+00
2.845186450336436579e-01 -6.126425548530884946e-01 0.000000000000000000e+00
2.836281625952451479e-01 -6.026005334003373681e-01 0.000000000000000000e+00
2.829991859538299459e-01 -5.904942013000988865e-01 0.000000000000000000e+00
2.826317151093979962e-01 -5.763235585523734938e-01 0.000000000000000000e+00
2.825257500619493545e-01 -5.600886051571611901e-01 0.000000000000000000e+00
2.826812908114838541e-01 -5.417893411144615312e-01 0.000000000000000000e+00
2.830983373580017171e-01 -5.214257664242747392e-01 0.000000000000000000e+00
2.832481370633147533e-01 -5.002724098910025230e-01 0.000000000000000000e+00
2.826019372892348835e-01 -4.796038003190461474e-01 0.000000000000000000e+00
2.811597380357620524e-01 -4.594199377084058344e-01 0.000000000000000000e+00
2.789215393028963152e-01 -4.397208220590816952e-01 0.000000000000000000e+00
2.758873410906377277e-01 -4.205064533710734520e-01 0.000000000000000000e+00
2.720571433989862342e-01 -4.017768316443813825e-01 0.000000000000000000e+00
2.674309462279417793e-01 -3.835319568790050981e-01 0.000000000000000000e+00
2.620087495775044739e-01 -3.657718290749450984e-01 0.000000000000000000e+00
2.557905534476742071e-01 -3.484964482322009394e-01 0.000000000000000000e+00
2.487763578384510621e-01 -3.317058143507728429e-01 0.000000000000000000e+00
2.411810367047860781e-01 -3.156916352237201795e-01 0.000000000000000000e+00
2.332194640016300446e-01 -3.007456186441017643e-01 0.000000000000000000e+00
2.248916397289829061e-01 -2.868677646119176528e-01 0.000000000000000000e+00
2.161975638868449123e-01 -2.740580731271680670e-01 0.000000000000000000e+00
2.071372364752158690e-01 -2.623165441898528405e-01 0.000000000000000000e+00
1.977106574940958872e-01 -2.516431777999720842e-01 0.000000000000000000e+00
1.879178269434848281e-01 -2.420379739575256317e-01 0.000000000000000000e+00
1.777587448233828304e-01 -2.335009326625137049e-01 0.000000000000000000e+00
1.672334111337898110e-01 -2.260320539149361097e-01 0.000000000000000000e+00
1.563418258747058531e-01 -2.196313377147929569e-01 0.000000000000000000e+00
1.455083179066082866e-01 -2.140196031789109166e-01 0.000000000000000000e+00
1.351572160899744690e-01 -2.089176694241165477e-01 0.000000000000000000e+00
1.252885204248043172e-01 -2.043255364504099614e-01 0.000000000000000000e+00
1.159022309110980808e-01 -2.002432042577911575e-01 0.000000000000000000e+00
1.069983475488554686e-01 -1.966706728462600529e-01 0.000000000000000000e+00
9.857687033807663313e-02 -1.936079422158167029e-01 0.000000000000000000e+00
9.063779927876153275e-02 -1.910550123664610800e-01 0.000000000000000000e+00
8.318113437091019524e-02 -1.890118832981932395e-01 0.000000000000000000e+00
7.620687561452259284e-02 -1.874785550110130705e-01 0.000000000000000000e+00
6.971502300959875331e-02 -1.864550275049207118e-01 0.000000000000000000e+00
6.339228820322997948e-02 -1.857248317451496156e-01 0.000000000000000000e+00
5.692538284250764358e-02 -1.850714986969334008e-01 0.000000000000000000e+00
5.031430692743171090e-02 -1.844950283602719843e-01 0.000000000000000000e+00
4.355906045800220922e-02 -1.839954207351654769e-01 0.000000000000000000e+00
3.665964343421911770e-02 -1.835726758216137955e-01 0.000000000000000000e+00
2.961605585608252308e-02 -1.832267936196169678e-01 0.000000000000000000e+00
2.242829772359226231e-02 -1.829577741291749660e-01 0.000000000000000000e+00
1.509636903674842559e-02 -1.827656173502878734e-01 0.000000000000000000e+00
7.620269795551005108e-03 -1.826503232829556067e-01 0.000000000000000000e+00
0.000000000000000000e+00 -1.826118919271781660e-01 0.000000000000000000e+00
