5.000000000000000000e-01 0.000000000000000000e+00 0.000000000000000000e+00
5.071774999999999478e-01 -9.000000000000001922e-05 0.000000000000000000e+00
5.143099999999999339e-01 -3.600000000000000769e-04 0.000000000000000000e+00
5.213975000000000692e-01 -8.099999999999999561e-04 0.000000000000000000e+00
5.284399999999999098e-01 -1.440000000000000308e-03 0.000000000000000000e+00
5.354374999999998996e-01 -2.250000000000000697e-03 0.000000000000000000e+00
5.423899999999999277e-01 -3.239999999999999825e-03 0.000000000000000000e+00
5.492974999999999941e-01 -4.410000000000000725e-03 0.000000000000000000e+00
5.561599999999999877e-01 -5.760000000000001230e-03 0.000000000000000000e+00
5.629774999999999086e-01 -7.290000000000001340e-03 0.000000000000000000e+00
5.697499999999999787e-01 -9.000000000000002789e-03 0.000000000000000000e+00
5.764774999999999761e-01 -1.089000000000000211e-02 0.000000000000000000e+00
5.831600000000000117e-01 -1.295999999999999930e-02 0.000000000000000000e+00
5.897975000000000856e-01 -1.521000000000000130e-02 0.000000000000000000e+00
5.963899999999999757e-01 -1.764000000000000290e-02 0.000000000000000000e+00
6.029375000000000151e-01 -2.025000000000000411e-02 0.000000000000000000e+00
6.094400000000000928e-01 -2.304000000000000492e-02 0.000000000000000000e+00
6.158974999999999866e-01 -2.601000000000001228e-02 0.000000000000000000e+00
6.223100000000000298e-01 -2.916000000000000536e-02 0.000000000000000000e+00
6.286775000000000002e-01 -3.249000000000001193e-02 0.000000000000000000e+00
6.350000000000000089e-01 -3.600000000000001116e-02 0.000000000000000000e+00
6.412775000000000558e-01 -3.969000000000000306e-02 0.000000000000000000e+00
6.475100000000000300e-01 -4.356000000000000844e-02 0.000000000000000000e+00
6.536975000000000424e-01 -4.761000000000001342e-02 0.000000000000000000e+00
6.598399999999999821e-01 -5.183999999999999719e-02 0.000000000000000000e+00
6.659375000000000711e-01 -5.625000000000000139e-02 0.000000000000000000e+00
6.719899999999999762e-01 -6.084000000000000519e-02 0.000000000000000000e+00
6.779975000000000307e-01 -6.561000000000001553e-02 0.000000000000000000e+00
6.839600000000000124e-01 -7.056000000000001160e-02 0.000000000000000000e+00
6.898775000000001434e-01 -7.569000000000000727e-02 0.000000000000000000e+00
6.957500000000000906e-01 -8.100000000000001643e-02 0.000000000000000000e+00
7.015775000000000761e-01 -8.649000000000001132e-02 0.000000000000000000e+00
7.073600000000000998e-01 -9.216000000000001968e-02 0.000000000000000000e+00
7.130975000000000508e-01 -9.801000000000002765e-02 0.000000000000000000e+00
7.187660000000001270e-01 -1.039900000000000407e-01 0.000000000000000000e+00
7.242875000000001950e-01 -1.099375000000000491e-01 0.000000000000000000e+00
7.296559999999999713e-01 -1.158399999999999985e-01 0.000000000000000000e+00
7.348715000000000108e-01 -1.216975000000000140e-01 0.000000000000000000e+00
7.399339999999999806e-01 -1.275100000000000122e-01 0.000000000000000000e+00
7.448434999999999917e-01 -1.332774999999999932e-01 0.000000000000000000e+00
7.496000000000001551e-01 -1.390000000000000402e-01 0.000000000000000000e+00
7.542034999999999156e-01 -1.446775000000000144e-01 0.000000000000000000e+00
7.586540000000000505e-01 -1.503100000000000269e-01 0.000000000000000000e+00
7.629515000000001157e-01 -1.558974999999999944e-01 0.000000000000000000e+00
7.670960000000001111e-01 -1.614400000000000002e-01 0.000000000000000000e+00
7.710875000000000368e-01 -1.669375000000000164e-01 0.000000000000000000e+00
7.749260000000000037e-01 -1.723900000000000154e-01 0.000000000000000000e+00
7.786115000000000119e-01 -1.777975000000000250e-01 0.000000000000000000e+00
7.821439999999999504e-01 -1.831599999999999895e-01 0.000000000000000000e+00
7.855234999999999301e-01 -1.884774999999999645e-01 0.000000000000000000e+00
7.887499999999999512e-01 -1.937500000000000056e-01 0.000000000000000000e+00
7.918235000000000134e-01 -1.989775000000000293e-01 0.000000000000000000e+00
7.947440000000000060e-01 -2.041600000000000081e-01 0.000000000000000000e+00
7.975114999999999288e-01 -2.092975000000000252e-01 0.000000000000000000e+00
8.001259999999998929e-01 -2.143900000000000250e-01 0.000000000000000000e+00
8.025875000000000092e-01 -2.194375000000000075e-01 0.000000000000000000e+00
8.048960000000000559e-01 -2.244400000000000006e-01 0.000000000000000000e+00
8.070514999999999217e-01 -2.293974999999999764e-01 0.000000000000000000e+00
8.090539999999999399e-01 -2.343099999999999905e-01 0.000000000000000000e+00
8.109034999999999993e-01 -2.391774999999999873e-01 0.000000000000000000e+00
8.125999999999999890e-01 -2.439999999999999669e-01 0.000000000000000000e+00
8.141435000000000199e-01 -2.487774999999999848e-01 0.000000000000000000e+00
8.155339999999999812e-01 -2.535100000000000131e-01 0.000000000000000000e+00
8.167714999999999836e-01 -2.581974999999999687e-01 0.000000000000000000e+00
8.178559999999999164e-01 -2.628400000000000181e-01 0.000000000000000000e+00
8.187875000000000014e-01 -2.674374999999999947e-01 0.000000000000000000e+00
8.195660000000000167e-01 -2.719900000000000095e-01 0.000000000000000000e+00
8.202059999999998796e-01 -2.765055000000000152e-01 0.000000000000000000e+00
8.208959999999999591e-01 -2.810880000000000045e-01 0.000000000000000000e+00
8.216939999999999245e-01 -2.857695000000000096e-01 0.000000000000000000e+00
8.225999999999998868e-01 -2.905499999999999750e-01 0.000000000000000000e+00
8.236139999999998462e-01 -2.954295000000000115e-01 0.000000000000000000e+00
8.247359999999999136e-01 -3.004080000000000084e-01 0.000000000000000000e+00
8.259659999999998670e-01 -3.054854999999999654e-01 0.000000000000000000e+00
8.273040000000000393e-01 -3.106619999999999937e-01 0.000000000000000000e+00
8.287499999999999867e-01 -3.159374999999999822e-01 0.000000000000000000e+00
8.303039999999999310e-01 -3.213119999999999865e-01 0.000000000000000000e+00
8.319659999999999833e-01 -3.267855000000000065e-01 0.000000000000000000e+00
8.337359999999998106e-01 -3.323579999999999313e-01 0.000000000000000000e+00
8.356139999999999679e-01 -3.380294999999999828e-01 0.000000000000000000e+00
8.376000000000000112e-01 -3.437999999999999945e-01 0.000000000000000000e+00
8.396939999999999404e-01 -3.496694999999999665e-01 0.000000000000000000e+00
8.418959999999999777e-01 -3.556380000000000097e-01 0.000000000000000000e+00
8.442059999999999009e-01 -3.617055000000000131e-01 0.000000000000000000e+00
8.466239999999998211e-01 -3.678719999999998658e-01 0.000000000000000000e+00
8.491499999999998494e-01 -3.741374999999999007e-01 0.000000000000000000e+00
8.517839999999998746e-01 -3.805019999999998959e-01 0.000000000000000000e+00
8.545259999999998968e-01 -3.869654999999999623e-01 0.000000000000000000e+00
8.573759999999999160e-01 -3.935279999999999334e-01 0.000000000000000000e+00
8.603339999999999321e-01 -4.001894999999999203e-01 0.000000000000000000e+00
8.633999999999999453e-01 -4.069499999999999229e-01 0.000000000000000000e+00
8.665739999999999554e-01 -4.138094999999999413e-01 0.000000000000000000e+00
8.698559999999999626e-01 -4.207679999999999754e-01 0.000000000000000000e+00
8.732459999999999667e-01 -4.278254999999999697e-01 0.000000000000000000e+00
8.767439999999999678e-01 -4.349820000000000353e-01 0.000000000000000000e+00
8.803499999999999659e-01 -4.422375000000000056e-01 0.000000000000000000e+00
8.840640000000000720e-01 -4.495919999999999916e-01 0.000000000000000000e+00
8.878859999999999530e-01 -4.570454999999999379e-01 0.000000000000000000e+00
8.918160000000000531e-01 -4.645979999999999555e-01 0.000000000000000000e+00
8.958540000000000392e-01 -4.722494999999999887e-01 0.000000000000000000e+00
9.000000000000000222e-01 -4.799999999999999822e-01 0.000000000000000000e+00
8.964059999999999251e-01 -4.779739999999999545e-01 0.000000000000000000e+00
8.928240000000000620e-01 -4.758959999999999857e-01 0.000000000000000000e+00
8.892539999999999889e-01 -4.737659999999999649e-01 0.000000000000000000e+00
8.856960000000000388e-01 -4.715839999999999477e-01 0.000000000000000000e+00
8.821500000000001007e-01 -4.693500000000000449e-01 0.000000000000000000e+00
8.786160000000000636e-01 -4.670640000000000347e-01 0.000000000000000000e+00
8.750940000000000385e-01 -4.647259999999999724e-01 0.000000000000000000e+00
8.715840000000000254e-01 -4.623359999999999692e-01 0.000000000000000000e+00
8.680860000000001353e-01 -4.598940000000000250e-01 0.000000000000000000e+00
8.646000000000001462e-01 -4.574000000000000288e-01 0.000000000000000000e+00
8.611260000000000581e-01 -4.548539999999999806e-01 0.000000000000000000e+00
8.576639999999999819e-01 -4.522559999999999913e-01 0.000000000000000000e+00
8.542140000000000288e-01 -4.496059999999999501e-01 0.000000000000000000e+00
8.507759999999999767e-01 -4.469039999999999679e-01 0.000000000000000000e+00
8.473500000000000476e-01 -4.441499999999999893e-01 0.000000000000000000e+00
8.439360000000000195e-01 -4.413439999999999586e-01 0.000000000000000000e+00
8.405340000000001144e-01 -4.384859999999999869e-01 0.000000000000000000e+00
8.371440000000001103e-01 -4.355760000000000187e-01 0.000000000000000000e+00
8.337660000000000071e-01 -4.326139999999999985e-01 0.000000000000000000e+00
8.304000000000000270e-01 -4.295999999999999819e-01 0.000000000000000000e+00
8.270459999999999479e-01 -4.265339999999999687e-01 0.000000000000000000e+00
8.237039999999999917e-01 -4.234160000000000146e-01 0.000000000000000000e+00
8.203740000000000476e-01 -4.202460000000000084e-01 0.000000000000000000e+00
8.170560000000001155e-01 -4.170240000000000613e-01 0.000000000000000000e+00
8.137500000000000844e-01 -4.137500000000000067e-01 0.000000000000000000e+00
8.104560000000000652e-01 -4.104240000000000110e-01 0.000000000000000000e+00
8.071740000000000581e-01 -4.070460000000000189e-01 0.000000000000000000e+00
8.039039999999999520e-01 -4.036159999999999748e-01 0.000000000000000000e+00
8.006459999999999688e-01 -4.001339999999999342e-01 0.000000000000000000e+00
7.973999999999999977e-01 -3.965999999999999526e-01 0.000000000000000000e+00
7.941660000000000386e-01 -3.930140000000000300e-01 0.000000000000000000e+00
7.909440000000000914e-01 -3.893759999999999999e-01 0.000000000000000000e+00
7.877340000000000453e-01 -3.856860000000000288e-01 0.000000000000000000e+00
7.845360000000000111e-01 -3.819440000000000057e-01 0.000000000000000000e+00
7.813500000000001000e-01 -3.781500000000000417e-01 0.000000000000000000e+00
7.781759999999999788e-01 -3.743039999999999701e-01 0.000000000000000000e+00
7.750140000000000917e-01 -3.704060000000000130e-01 0.000000000000000000e+00
7.718639999999999946e-01 -3.664560000000000040e-01 0.000000000000000000e+00
7.687260000000001314e-01 -3.624539999999999429e-01 0.000000000000000000e+00
7.656000000000000583e-01 -3.583999999999999408e-01 0.000000000000000000e+00
7.624860000000001081e-01 -3.542939999999999978e-01 0.000000000000000000e+00
7.593839999999999479e-01 -3.501359999999999473e-01 0.000000000000000000e+00
7.562940000000000218e-01 -3.459260000000000113e-01 0.000000000000000000e+00
7.532159999999999966e-01 -3.416640000000000787e-01 0.000000000000000000e+00
7.501500000000000945e-01 -3.373500000000000387e-01 0.000000000000000000e+00
7.470959999999999823e-01 -3.329840000000000022e-01 0.000000000000000000e+00
7.440540000000001042e-01 -3.285659999999999692e-01 0.000000000000000000e+00
7.410240000000000160e-01 -3.240959999999999952e-01 0.000000000000000000e+00
7.380060000000000509e-01 -3.195740000000000802e-01 0.000000000000000000e+00
7.350000000000000977e-01 -3.150000000000000022e-01 0.000000000000000000e+00
7.319660000000000055e-01 -3.104459999999999997e-01 0.000000000000000000e+00
7.288640000000000674e-01 -3.059839999999999782e-01 0.000000000000000000e+00
7.256940000000000612e-01 -3.016140000000000487e-01 0.000000000000000000e+00
7.224559999999999871e-01 -2.973360000000000447e-01 0.000000000000000000e+00
7.191500000000001780e-01 -2.931500000000000217e-01 0.000000000000000000e+00
7.157760000000000788e-01 -2.890559999999999796e-01 0.000000000000000000e+00
7.123340000000000227e-01 -2.850540000000000296e-01 0.000000000000000000e+00
7.088240000000001206e-01 -2.811440000000000050e-01 0.000000000000000000e+00
7.052460000000000395e-01 -2.773260000000000169e-01 0.000000000000000000e+00
7.016000000000000014e-01 -2.736000000000000099e-01 0.000000000000000000e+00
6.978860000000000063e-01 -2.699660000000000393e-01 0.000000000000000000e+00
6.941040000000000543e-01 -2.664239999999999942e-01 0.000000000000000000e+00
6.902540000000000342e-01 -2.629740000000000411e-01 0.000000000000000000e+00
6.863360000000000571e-01 -2.596160000000000134e-01 0.000000000000000000e+00
6.823500000000000121e-01 -2.563499999999999668e-01 0.000000000000000000e+00
6.782960000000000100e-01 -2.531760000000000121e-01 0.000000000000000000e+00
6.741740000000000510e-01 -2.500939999999999830e-01 0.000000000000000000e+00
6.699840000000000240e-01 -2.471039999999999903e-01 0.000000000000000000e+00
6.657260000000000399e-01 -2.442059999999999786e-01 0.000000000000000000e+00
6.614000000000000989e-01 -2.413999999999999757e-01 0.000000000000000000e+00
6.570059999999999789e-01 -2.386860000000000093e-01 0.000000000000000000e+00
6.525440000000000129e-01 -2.360640000000000238e-01 0.000000000000000000e+00
6.480140000000000899e-01 -2.335340000000000193e-01 0.000000000000000000e+00
6.434160000000000990e-01 -2.310960000000000236e-01 0.000000000000000000e+00
6.387500000000001510e-01 -2.287499999999999811e-01 0.000000000000000000e+00
6.340160000000001350e-01 -2.264960000000000306e-01 0.000000000000000000e+00
6.292140000000000510e-01 -2.243340000000000334e-01 0.000000000000000000e+00
6.243440000000001211e-01 -2.222640000000000171e-01 0.000000000000000000e+00
6.194060000000001232e-01 -2.202860000000000096e-01 0.000000000000000000e+00
6.144000000000000572e-01 -2.184000000000000108e-01 0.000000000000000000e+00
6.093260000000000343e-01 -2.166059999999999930e-01 0.000000000000000000e+00
6.041840000000000543e-01 -2.149040000000000394e-01 0.000000000000000000e+00
5.989739999999998954e-01 -2.132939999999999836e-01 0.000000000000000000e+00
5.936959999999998905e-01 -2.117759999999999920e-01 0.000000000000000000e+00
5.883499999999999286e-01 -2.103500000000000092e-01 0.000000000000000000e+00
5.829360000000000097e-01 -2.090160000000000073e-01 0.000000000000000000e+00
5.774540000000000228e-01 -2.077740000000000142e-01 0.000000000000000000e+00
5.719039999999999679e-01 -2.066240000000000299e-01 0.000000000000000000e+00
5.662860000000000671e-01 -2.055659999999999987e-01 0.000000000000000000e+00
5.606000000000000982e-01 -2.046000000000000596e-01 0.000000000000000000e+00
5.548460000000000614e-01 -2.037260000000000182e-01 0.000000000000000000e+00
5.490239999999999565e-01 -2.029440000000000133e-01 0.000000000000000000e+00
5.431340000000000057e-01 -2.022539999999999893e-01 0.000000000000000000e+00
5.371759999999999868e-01 -2.016560000000000019e-01 0.000000000000000000e+00
5.311500000000000110e-01 -2.011500000000000510e-01 0.000000000000000000e+00
5.250560000000000782e-01 -2.007359999999999978e-01 0.000000000000000000e+00
5.188939999999999664e-01 -2.004139999999999810e-01 0.000000000000000000e+00
5.126640000000000086e-01 -2.001840000000000286e-01 0.000000000000000000e+00
5.063659999999999828e-01 -2.000460000000000016e-01 0.000000000000000000e+00
5.000000000000000000e-01 -2.000000000000000111e-01 0.000000000000000000e+00
