0.000000000000000000e+00 4.000000000000000083e-02 9.700000000000000289e-02 0.000000000000000000e+00
1.000000000000000021e-02 4.000000000000000083e-02 9.699999999999997513e-02 0.000000000000000000e+00
2.000000000000000042e-02 3.962165992176031742e-02 9.707828684888163140e-02 0.000000000000000000e+00
2.999999999999999889e-02 3.886497976528095755e-02 9.723486054664490230e-02 0.000000000000000000e+00
4.000000000000000083e-02 3.772995953056188650e-02 9.746972109328978784e-02 0.000000000000000000e+00
5.000000000000000278e-02 3.621659921760313899e-02 9.778286848881634352e-02 0.000000000000000000e+00
5.999999999999999778e-02 3.432489882640471501e-02 9.817430273322451384e-02 0.000000000000000000e+00
7.000000000000000666e-02 3.205485835696657987e-02 9.864402382651429879e-02 0.000000000000000000e+00
8.000000000000000167e-02 2.983732575658587169e-02 9.907796581833108740e-02 0.000000000000000000e+00
8.999999999999999667e-02 2.810314897255966962e-02 9.936206275832019930e-02 0.000000000000000000e+00
1.000000000000000056e-01 2.685232800488798408e-02 9.949631464648164836e-02 0.000000000000000000e+00
1.100000000000000006e-01 2.608486285357081158e-02 9.948072148281543459e-02 0.000000000000000000e+00
1.199999999999999956e-01 2.580075351860815214e-02 9.931528326732157186e-02 0.000000000000000000e+00
1.300000000000000044e-01 2.600000000000000228e-02 9.900000000000000466e-02 0.000000000000000000e+00
1.400000000000000133e-01 2.668260229774636547e-02 9.853487168085078851e-02 0.000000000000000000e+00
1.499999999999999944e-01 2.784856041184723824e-02 9.791989830987389565e-02 0.000000000000000000e+00
1.600000000000000033e-01 2.949787434230262406e-02 9.715507988706933995e-02 0.000000000000000000e+00
1.700000000000000122e-01 3.163054408911251947e-02 9.624041641243710754e-02 0.000000000000000000e+00
1.799999999999999933e-01 3.424656965227693139e-02 9.517590788597721230e-02 0.000000000000000000e+00
1.900000000000000022e-01 3.734595103179585984e-02 9.396155430768965422e-02 0.000000000000000000e+00
2.000000000000000111e-01 4.092868822766929787e-02 9.259735567757443331e-02 0.000000000000000000e+00
2.099999999999999922e-01 4.442249937343377419e-02 9.131081599939493143e-02 0.000000000000000000e+00
2.200000000000000011e-01 4.725510260262584528e-02 9.032943927691457209e-02 0.000000000000000000e+00
2.300000000000000100e-01 4.942649791524551806e-02 8.965322551013336916e-02 0.000000000000000000e+00
2.399999999999999911e-01 5.093668531129275090e-02 8.928217469905132264e-02 0.000000000000000000e+00
2.500000000000000000e-01 5.178566479076758544e-02 8.921628684366840478e-02 0.000000000000000000e+00
2.600000000000000089e-01 5.197343635366998699e-02 8.945556194398461558e-02 0.000000000000000000e+00
2.700000000000000178e-01 5.149999999999999717e-02 8.999999999999999667e-02 0.000000000000000000e+00
2.800000000000000266e-01 5.036535572975757435e-02 9.084960101171452029e-02 0.000000000000000000e+00
2.899999999999999800e-01 4.856950354294275324e-02 9.200436497912817257e-02 0.000000000000000000e+00
2.999999999999999889e-01 4.611244343955551994e-02 9.346429190224098127e-02 0.000000000000000000e+00
3.099999999999999978e-01 4.357484034960038000e-02 9.493215395818913049e-02 0.000000000000000000e+00
3.200000000000000067e-01 4.153735920308187363e-02 9.611072332410880437e-02 0.000000000000000000e+00
3.300000000000000155e-01 3.999999999999999389e-02 9.700000000000001676e-02 0.000000000000000000e+00
3.400000000000000244e-01 3.896276274035476161e-02 9.759998398586273993e-02 0.000000000000000000e+00
3.500000000000000333e-01 3.842564742414614209e-02 9.791067528169701550e-02 0.000000000000000000e+00
3.599999999999999867e-01 3.838865405137415615e-02 9.793207388750280185e-02 0.000000000000000000e+00
3.699999999999999956e-01 3.878562139765814876e-02 9.770245038674053861e-02 0.000000000000000000e+00
3.800000000000000044e-01 3.921958211671411343e-02 9.745142828017244740e-02 0.000000000000000000e+00
3.900000000000000133e-01 3.962437498416140208e-02 9.721727815125892624e-02 0.000000000000000000e+00
4.000000000000000222e-01 4.000000000000000083e-02 9.699999999999998901e-02 0.000000000000000000e+00
4.100000000000000311e-01 4.034645716422993744e-02 9.679959382639564958e-02 0.000000000000000000e+00
4.199999999999999845e-01 4.066374647685118415e-02 9.661605963044585244e-02 0.000000000000000000e+00
4.299999999999999933e-01 4.095186793786374790e-02 9.644939741215065310e-02 0.000000000000000000e+00
4.400000000000000022e-01 4.121082154726763563e-02 9.629960717151000993e-02 0.000000000000000000e+00
4.500000000000000111e-01 4.144060730506285428e-02 9.616668890852396456e-02 0.000000000000000000e+00
4.600000000000000200e-01 4.164122521124938303e-02 9.605064262319248924e-02 0.000000000000000000e+00
4.700000000000000289e-01 4.181267526582722882e-02 9.595146831551557010e-02 0.000000000000000000e+00
4.799999999999999822e-01 4.195495746879639859e-02 9.586916598549326263e-02 0.000000000000000000e+00
4.899999999999999911e-01 4.206807182015689234e-02 9.580373563312551133e-02 0.000000000000000000e+00
5.000000000000000000e-01 4.215201831990868925e-02 9.575517725841234395e-02 0.000000000000000000e+00
5.100000000000000089e-01 4.220679696805182401e-02 9.572349086135373275e-02 0.000000000000000000e+00
5.200000000000000178e-01 4.223240776458627582e-02 9.570867644194971935e-02 0.000000000000000000e+00
5.300000000000000266e-01 4.222885070951205161e-02 9.571073400020027599e-02 0.000000000000000000e+00
5.400000000000000355e-01 4.219612580282913750e-02 9.572966353610540269e-02 0.000000000000000000e+00
5.500000000000000444e-01 4.213423304453754736e-02 9.576546504966514106e-02 0.000000000000000000e+00
5.600000000000000533e-01 4.204317243463728121e-02 9.581813854087942173e-02 0.000000000000000000e+00
5.700000000000000622e-01 4.192294397312833210e-02 9.588768400974828632e-02 0.000000000000000000e+00
5.799999999999999600e-01 4.177781612609977879e-02 9.597163238637104743e-02 0.000000000000000000e+00
5.899999999999999689e-01 4.163339969008606617e-02 9.605516925134370554e-02 0.000000000000000000e+00
5.999999999999999778e-01 4.149396313117627993e-02 9.613582553476558712e-02 0.000000000000000000e+00
6.099999999999999867e-01 4.135950644937042009e-02 9.621360123663667829e-02 0.000000000000000000e+00
6.199999999999999956e-01 4.123002964466847275e-02 9.628849635695700682e-02 0.000000000000000000e+00
6.300000000000000044e-01 4.110553271707044487e-02 9.636051089572653106e-02 0.000000000000000000e+00
6.400000000000000133e-01 4.098601566657634337e-02 9.642964485294529264e-02 0.000000000000000000e+00
6.500000000000000222e-01 4.087147849318616827e-02 9.649589822861326383e-02 0.000000000000000000e+00
6.600000000000000311e-01 4.076192119689990567e-02 9.655927102273047236e-02 0.000000000000000000e+00
6.700000000000000400e-01 4.065734377771756947e-02 9.661976323529686272e-02 0.000000000000000000e+00
6.800000000000000488e-01 4.055774623563914577e-02 9.667737486631249044e-02 0.000000000000000000e+00
6.900000000000000577e-01 4.046312857066464846e-02 9.673210591577734163e-02 0.000000000000000000e+00
7.000000000000000666e-01 4.037349078279407061e-02 9.678395638369140241e-02 0.000000000000000000e+00
7.099999999999999645e-01 4.028883287202742608e-02 9.683292627005468667e-02 0.000000000000000000e+00
7.199999999999999734e-01 4.020915483836468712e-02 9.687901557486718052e-02 0.000000000000000000e+00
7.299999999999999822e-01 4.013445668180586762e-02 9.692222429812889783e-02 0.000000000000000000e+00
7.399999999999999911e-01 4.006473840235097450e-02 9.696255243983985250e-02 0.000000000000000000e+00
7.500000000000000000e-01 3.999999999999999389e-02 9.700000000000000289e-02 0.000000000000000000e+00
7.600000000000000089e-01 3.994024147475295355e-02 9.703456697860937674e-02 0.000000000000000000e+00
7.700000000000000178e-01 3.988546282660981879e-02 9.706625337566798795e-02 0.000000000000000000e+00
7.800000000000000266e-01 3.983566405557061041e-02 9.709505919117578099e-02 0.000000000000000000e+00
7.900000000000000355e-01 3.979084516163532148e-02 9.712098442513281138e-02 0.000000000000000000e+00
8.000000000000000444e-01 3.975100614480395894e-02 9.714402907753907912e-02 0.000000000000000000e+00
8.100000000000000533e-01 3.971614700507650891e-02 9.716419314839454258e-02 0.000000000000000000e+00
8.200000000000000622e-01 3.968626774245298527e-02 9.718147663769924338e-02 0.000000000000000000e+00
8.300000000000000711e-01 3.966136835693337415e-02 9.719587954545313990e-02 0.000000000000000000e+00
8.399999999999999689e-01 3.964144884851769635e-02 9.720740187165625990e-02 0.000000000000000000e+00
8.499999999999999778e-01 3.962650921720593106e-02 9.721604361630860336e-02 0.000000000000000000e+00
8.599999999999999867e-01 3.961654946299809216e-02 9.722180477941017029e-02 0.000000000000000000e+00
8.699999999999999956e-01 3.961156958589417271e-02 9.722468536096096070e-02 0.000000000000000000e+00
8.800000000000000044e-01 3.961156958589416577e-02 9.722468536096096070e-02 0.000000000000000000e+00
8.900000000000000133e-01 3.961654946299808522e-02 9.722180477941017029e-02 0.000000000000000000e+00
9.000000000000000222e-01 3.962650921720593106e-02 9.721604361630861724e-02 0.000000000000000000e+00
9.100000000000000311e-01 3.964144884851769635e-02 9.720740187165627377e-02 0.000000000000000000e+00
9.200000000000000400e-01 3.966136835693338802e-02 9.719587954545313990e-02 0.000000000000000000e+00
9.300000000000000488e-01 3.968626774245298527e-02 9.718147663769924338e-02 0.000000000000000000e+00
9.400000000000000577e-01 3.971614700507650197e-02 9.716419314839452870e-02 0.000000000000000000e+00
9.500000000000000666e-01 3.975100614480395200e-02 9.714402907753906524e-02 0.000000000000000000e+00
9.599999999999999645e-01 3.979084516163532148e-02 9.712098442513281138e-02 0.000000000000000000e+00
9.699999999999999734e-01 3.983566405557061041e-02 9.709505919117579487e-02 0.000000000000000000e+00
9.799999999999999822e-01 3.988546282660981879e-02 9.706625337566797407e-02 0.000000000000000000e+00
9.899999999999999911e-01 3.994024147475295355e-02 9.703456697860937674e-02 0.000000000000000000e+00
1.000000000000000000e+00 4.000000000000000083e-02 9.700000000000000289e-02 0.000000000000000000e+00
