0.000000000000000000e+00 2.500000000000000555e-01 1.100000000000000110e-02 2.200000000000000178e+00
1.000000000000000021e-02 2.500000000000000000e-01 1.099999999999999763e-02 2.200000000000000622e+00
2.000000000000000042e-02 2.480188406430557935e-01 1.099999999999999936e-02 2.152088851570572725e+00
2.999999999999999889e-02 2.440565219291673804e-01 1.099999999999999936e-02 2.056266554711716932e+00
4.000000000000000083e-02 2.381130438583346776e-01 1.099999999999999763e-02 1.912533109423432132e+00
5.000000000000000278e-02 2.301884064305577682e-01 1.099999999999999763e-02 1.720888515705719213e+00
5.999999999999999778e-02 2.202826096458367078e-01 1.099999999999999763e-02 1.481332773558578175e+00
7.000000000000000666e-02 2.083956535041713298e-01 1.099999999999999763e-02 1.193865882982007909e+00
8.000000000000000167e-02 1.964589388344964438e-01 1.099999999999999763e-02 9.046564433508820224e-01
8.999999999999999667e-02 1.864038664657467481e-01 1.099999999999999936e-02 6.598730540400730149e-01
1.000000000000000056e-01 1.782304363979222706e-01 1.099999999999999936e-02 4.595157150495799425e-01
1.100000000000000006e-01 1.719386486310230111e-01 1.099999999999999936e-02 3.035844263794035269e-01
1.199999999999999956e-01 1.675285031650489143e-01 1.100000000000000110e-02 1.920791880295436294e-01
1.300000000000000044e-01 1.650000000000000355e-01 1.099999999999999936e-02 1.250000000000000000e-01
1.400000000000000133e-01 1.643531391358762916e-01 1.099999999999999936e-02 1.023468622907729442e-01
1.499999999999999944e-01 1.655879205726777659e-01 1.100000000000000110e-02 1.241197749018623231e-01
1.600000000000000033e-01 1.687043443104044305e-01 1.100000000000000110e-02 1.903187378332681368e-01
1.700000000000000122e-01 1.737024103490563132e-01 1.100000000000000110e-02 3.009437510849903852e-01
1.799999999999999933e-01 1.805821186886333585e-01 1.100000000000000110e-02 4.559948146570287908e-01
1.900000000000000022e-01 1.893434693291356219e-01 1.100000000000000110e-02 6.554719285493839642e-01
2.000000000000000111e-01 1.999864622705630479e-01 1.100000000000000283e-02 8.993750927620558500e-01
2.099999999999999922e-01 2.109361302213552392e-01 1.100000000000000110e-02 1.151977232780357241e+00
2.200000000000000011e-01 2.206175058899517982e-01 1.100000000000000110e-02 1.377551274089603650e+00
2.300000000000000100e-01 2.290305892763527529e-01 1.100000000000000110e-02 1.576097216689794633e+00
2.399999999999999911e-01 2.361753803805580199e-01 1.100000000000000110e-02 1.747615060580929303e+00
2.500000000000000000e-01 2.420518792025676824e-01 1.100000000000000283e-02 1.892104805763008768e+00
2.600000000000000089e-01 2.466600857423816295e-01 1.099999999999999763e-02 2.009566452236032141e+00
2.700000000000000178e-01 2.499999999999999445e-01 1.099999999999999936e-02 2.099999999999999645e+00
2.800000000000000266e-01 2.520716219754226550e-01 1.099999999999999936e-02 2.163405449054911500e+00
2.899999999999999800e-01 2.528749516686497056e-01 1.099999999999999763e-02 2.199782799400767708e+00
2.999999999999999889e-01 2.524099890796811518e-01 1.099999999999999936e-02 2.209132051037569155e+00
3.099999999999999978e-01 2.514094733618945088e-01 1.099999999999999763e-02 2.205340846888243167e+00
3.200000000000000067e-01 2.506061436686674582e-01 1.099999999999999763e-02 2.202296829875720618e+00
3.300000000000000155e-01 2.499999999999999722e-01 1.099999999999999763e-02 2.200000000000000622e+00
3.400000000000000244e-01 2.495910423558920788e-01 1.099999999999999589e-02 2.198450357261083621e+00
3.500000000000000333e-01 2.493792707363437500e-01 1.099999999999999589e-02 2.197647901658969172e+00
3.599999999999999867e-01 2.493646851413549304e-01 1.099999999999999589e-02 2.197592633193657718e+00
3.699999999999999956e-01 2.495211997952728467e-01 1.099999999999999763e-02 2.198185706340650913e+00
3.800000000000000044e-01 2.496923000441794160e-01 1.099999999999999763e-02 2.198834047952955562e+00
3.900000000000000133e-01 2.498519001124217820e-01 1.099999999999999763e-02 2.199438812506071983e+00
4.000000000000000222e-01 2.499999999999999445e-01 1.099999999999999936e-02 2.200000000000000178e+00
4.100000000000000311e-01 2.501365997069139313e-01 1.099999999999999936e-02 2.200517610434741478e+00
4.199999999999999845e-01 2.502616992331636592e-01 1.099999999999999936e-02 2.200991643810294995e+00
4.299999999999999933e-01 2.503752985787491836e-01 1.099999999999999936e-02 2.201422100126660730e+00
4.400000000000000022e-01 2.504773977436704491e-01 1.099999999999999763e-02 2.201808979383838683e+00
4.500000000000000111e-01 2.505679967279276221e-01 1.099999999999999936e-02 2.202152281581829740e+00
4.600000000000000200e-01 2.506470955315204807e-01 1.099999999999999936e-02 2.202452006720632571e+00
4.700000000000000289e-01 2.507146941544491359e-01 1.099999999999999936e-02 2.202708154800247176e+00
4.799999999999999822e-01 2.507707925967135876e-01 1.099999999999999936e-02 2.202920725820675329e+00
4.899999999999999911e-01 2.508153908583138914e-01 1.100000000000000110e-02 2.203089719781915257e+00
5.000000000000000000e-01 2.508484889392498252e-01 1.099999999999999936e-02 2.203215136683966957e+00
5.100000000000000089e-01 2.508700868395216665e-01 1.099999999999999936e-02 2.203296976526831763e+00
5.200000000000000178e-01 2.508801845591293045e-01 1.099999999999999936e-02 2.203335239310508786e+00
5.300000000000000266e-01 2.508787820980726835e-01 1.099999999999999936e-02 2.203329925034998027e+00
5.400000000000000355e-01 2.508658794563518035e-01 1.099999999999999936e-02 2.203281033700299485e+00
5.500000000000000444e-01 2.508414766339668311e-01 1.099999999999999936e-02 2.203188565306414048e+00
5.600000000000000533e-01 2.508055736309175443e-01 1.100000000000000110e-02 2.203052519853339941e+00
5.700000000000000622e-01 2.507581704472041095e-01 1.100000000000000110e-02 2.202872897341078939e+00
5.799999999999999600e-01 2.507009500360943277e-01 1.100000000000000110e-02 2.202656074900243066e+00
5.899999999999999689e-01 2.506440101171958923e-01 1.099999999999999763e-02 2.202440315314508901e+00
5.999999999999999778e-01 2.505890336437767152e-01 1.099999999999999763e-02 2.202231995714489354e+00
6.099999999999999867e-01 2.505360206158368519e-01 1.099999999999999763e-02 2.202031116100185759e+00
6.199999999999999956e-01 2.504849710333761914e-01 1.099999999999999936e-02 2.201837676471596339e+00
6.300000000000000044e-01 2.504358848963947892e-01 1.099999999999999936e-02 2.201651676828722426e+00
6.400000000000000133e-01 2.503887622048926453e-01 1.099999999999999936e-02 2.201473117171563132e+00
6.500000000000000222e-01 2.503436029588697598e-01 1.099999999999999936e-02 2.201301997500118901e+00
6.600000000000000311e-01 2.503004071583261325e-01 1.100000000000000110e-02 2.201138317814390177e+00
6.700000000000000400e-01 2.502591748032617636e-01 1.100000000000000110e-02 2.200982078114375629e+00
6.800000000000000488e-01 2.502199058936766529e-01 1.099999999999999763e-02 2.200833278400076143e+00
6.900000000000000577e-01 2.501826004295707451e-01 1.099999999999999936e-02 2.200691918671491720e+00
7.000000000000000666e-01 2.501472584109441510e-01 1.099999999999999936e-02 2.200557998928622361e+00
7.099999999999999645e-01 2.501138798377968153e-01 1.099999999999999936e-02 2.200431519171468508e+00
7.199999999999999734e-01 2.500824647101286824e-01 1.099999999999999936e-02 2.200312479400028831e+00
7.299999999999999822e-01 2.500530130279398633e-01 1.099999999999999936e-02 2.200200879614304217e+00
7.399999999999999911e-01 2.500255247912303025e-01 1.099999999999999936e-02 2.200096719814294666e+00
7.500000000000000000e-01 2.499999999999999722e-01 1.099999999999999936e-02 2.200000000000000178e+00
7.600000000000000089e-01 2.499764386542489003e-01 1.100000000000000110e-02 2.199910720171420753e+00
7.700000000000000178e-01 2.499548407539770589e-01 1.099999999999999936e-02 2.199828880328555947e+00
7.800000000000000266e-01 2.499352062991844758e-01 1.099999999999999936e-02 2.199754480471406204e+00
7.900000000000000355e-01 2.499175352898712066e-01 1.099999999999999936e-02 2.199687520599971080e+00
8.000000000000000444e-01 2.499018277260371956e-01 1.099999999999999936e-02 2.199628000714251908e+00
8.100000000000000533e-01 2.498880836076823320e-01 1.099999999999999936e-02 2.199575920814247354e+00
8.200000000000000622e-01 2.498763029348068654e-01 1.099999999999999936e-02 2.199531280899957419e+00
8.300000000000000711e-01 2.498664857074105461e-01 1.099999999999999936e-02 2.199494080971382548e+00
8.399999999999999689e-01 2.498586319254935406e-01 1.099999999999999936e-02 2.199464321028522740e+00
8.499999999999999778e-01 2.498527415890557379e-01 1.099999999999999936e-02 2.199442001071377994e+00
8.599999999999999867e-01 2.498488146980972768e-01 1.099999999999999936e-02 2.199427121099947868e+00
8.699999999999999956e-01 2.498468512526180185e-01 1.099999999999999936e-02 2.199419681114233249e+00
8.800000000000000044e-01 2.498468512526180185e-01 1.099999999999999936e-02 2.199419681114233249e+00
8.900000000000000133e-01 2.498488146980972768e-01 1.099999999999999936e-02 2.199427121099947868e+00
9.000000000000000222e-01 2.498527415890557934e-01 1.099999999999999936e-02 2.199442001071377994e+00
9.100000000000000311e-01 2.498586319254935684e-01 1.099999999999999936e-02 2.199464321028522740e+00
9.200000000000000400e-01 2.498664857074106016e-01 1.100000000000000110e-02 2.199494080971382992e+00
9.300000000000000488e-01 2.498763029348068931e-01 1.099999999999999936e-02 2.199531280899957419e+00
9.400000000000000577e-01 2.498880836076823875e-01 1.099999999999999936e-02 2.199575920814246910e+00
9.500000000000000666e-01 2.499018277260371401e-01 1.099999999999999763e-02 2.199628000714251463e+00
9.599999999999999645e-01 2.499175352898712066e-01 1.099999999999999936e-02 2.199687520599971524e+00
9.699999999999999734e-01 2.499352062991845591e-01 1.099999999999999936e-02 2.199754480471406648e+00
9.799999999999999822e-01 2.499548407539771144e-01 1.099999999999999936e-02 2.199828880328555947e+00
9.899999999999999911e-01 2.499764386542489281e-01 1.099999999999999936e-02 2.199910720171420753e+00
1.000000000000000000e+00 2.500000000000000000e-01 1.099999999999999936e-02 2.200000000000000178e+00
