0.000000000000000000e+00 2.280000000000000082e-01 3.350000000000000200e-02 9.500000000000000666e-01
1.000000000000000021e-02 2.280000000000000082e-01 3.349999999999999506e-02 9.499999999999998446e-01
2.000000000000000042e-02 2.268579199001145574e-01 3.369359145932290106e-02 9.664292122903744842e-01
2.999999999999999889e-02 2.245737597003436004e-01 3.408077437796872000e-02 9.992876368711240964e-01
4.000000000000000083e-02 2.211475194006871092e-01 3.466154875593744494e-02 1.048575273742248015e+00
5.000000000000000278e-02 2.165791990011451396e-01 3.543591459322908283e-02 1.114292122903747018e+00
5.999999999999999778e-02 2.108687985017176914e-01 3.640387188984363365e-02 1.196438184355620660e+00
7.000000000000000666e-02 2.040163179024047091e-01 3.756542064578109047e-02 1.295013458097868941e+00
8.000000000000000167e-02 1.971351529751803611e-01 3.873722381028626288e-02 1.396643539723568805e+00
8.999999999999999667e-02 1.913386994920187600e-01 3.973594433260396047e-02 1.487954024825797639e+00
1.000000000000000056e-01 1.866269574529199338e-01 4.056158221273418324e-02 1.568944913404554997e+00
1.100000000000000006e-01 1.829999268578838822e-01 4.121413745067692425e-02 1.639616205459841325e+00
1.199999999999999956e-01 1.804576077069105777e-01 4.169361004643221125e-02 1.699967900991656400e+00
1.300000000000000044e-01 1.790000000000000202e-01 4.200000000000000261e-02 1.750000000000000222e+00
1.400000000000000133e-01 1.786271037371522374e-01 4.213330731138033303e-02 1.789712502484872569e+00
1.499999999999999944e-01 1.793389189183671739e-01 4.209353198057317474e-02 1.819105408446273664e+00
1.600000000000000033e-01 1.811354455436449129e-01 4.188067400757855552e-02 1.838178717884203950e+00
1.700000000000000122e-01 1.840166836129853989e-01 4.149473339239644759e-02 1.846932430798662317e+00
1.799999999999999933e-01 1.879826331263886319e-01 4.093571013502687178e-02 1.845366547189650097e+00
1.900000000000000022e-01 1.930332940838546396e-01 4.020360423546982809e-02 1.833481067057166403e+00
2.000000000000000111e-01 1.991686664853833943e-01 3.929841569372530263e-02 1.811275990401211455e+00
2.099999999999999922e-01 2.054808280099577056e-01 3.835043467468585848e-02 1.780243322300308906e+00
2.200000000000000011e-01 2.110618563365604383e-01 3.748995134324406564e-02 1.741875067832982849e+00
2.300000000000000100e-01 2.159117514651915648e-01 3.671696569939995186e-02 1.696171226999233284e+00
2.399999999999999911e-01 2.200305133958510850e-01 3.603147774315348245e-02 1.643131799799060433e+00
2.500000000000000000e-01 2.234181421285389990e-01 3.543348747450467129e-02 1.582756786232463853e+00
2.600000000000000089e-01 2.260746376632552790e-01 3.492299489345350449e-02 1.515046186299443542e+00
2.700000000000000178e-01 2.280000000000000360e-01 3.450000000000000289e-02 1.439999999999999947e+00
2.800000000000000266e-01 2.291942291387730757e-01 3.416450279414415259e-02 1.357618227334132843e+00
2.899999999999999800e-01 2.296573250795745369e-01 3.391650327588596747e-02 1.267900868301842454e+00
2.999999999999999889e-01 2.293892878224044751e-01 3.375600144522543367e-02 1.170847922903128335e+00
3.099999999999999978e-01 2.288125199380333652e-01 3.364972151562591746e-02 1.079162105748163292e+00
3.200000000000000067e-01 2.283494239972319040e-01 3.356438770055077125e-02 1.005546131447120350e+00
3.300000000000000155e-01 2.280000000000000360e-01 3.350000000000001588e-02 9.499999999999997335e-01
3.400000000000000244e-01 2.277642479463378722e-01 3.345655841397363051e-02 9.125237114068013300e-01
3.500000000000000333e-01 2.276421678362452738e-01 3.343406294247162902e-02 8.931172656675251398e-01
3.599999999999999867e-01 2.276337596697222687e-01 3.343251358549400448e-02 8.917806627821710519e-01
3.699999999999999956e-01 2.277239857643338083e-01 3.344913937767694107e-02 9.061234398980865246e-01
3.800000000000000044e-01 2.278226200254681866e-01 3.346731452683750219e-02 9.218028198993561961e-01
3.900000000000000133e-01 2.279146247706902439e-01 3.348426806761185121e-02 9.364283399333271918e-01
4.000000000000000222e-01 2.280000000000000082e-01 3.350000000000000894e-02 9.499999999999999556e-01
4.100000000000000311e-01 2.280787457133975071e-01 3.351451032400196151e-02 9.625178000993743765e-01
4.199999999999999845e-01 2.281508619108826297e-01 3.352779903961770891e-02 9.739817402314500105e-01
4.299999999999999933e-01 2.282163485924554591e-01 3.353986614684725809e-02 9.843918203962274127e-01
4.400000000000000022e-01 2.282752057581159399e-01 3.355071164569060904e-02 9.937480405937061390e-01
4.500000000000000111e-01 2.283274334078641554e-01 3.356033553614776177e-02 1.002050400823886855e+00
4.600000000000000200e-01 2.283730315417000778e-01 3.356873781821870240e-02 1.009298901086768785e+00
4.700000000000000289e-01 2.284120001596236516e-01 3.357591849190343786e-02 1.015493541382352261e+00
4.799999999999999822e-01 2.284443392616349044e-01 3.358187755720198897e-02 1.020634321710637282e+00
4.899999999999999911e-01 2.284700488477339198e-01 3.358661501411432798e-02 1.024721242071624294e+00
5.000000000000000000e-01 2.284891289179205032e-01 3.359013086264046183e-02 1.027754302465312186e+00
5.100000000000000089e-01 2.285015794721948768e-01 3.359242510278040439e-02 1.029733502891701846e+00
5.200000000000000178e-01 2.285074005105569017e-01 3.359349773453414179e-02 1.030658843350793052e+00
5.300000000000000266e-01 2.285065920330066613e-01 3.359334875790168096e-02 1.030530323842586249e+00
5.400000000000000355e-01 2.284991540395440168e-01 3.359197817288300802e-02 1.029347944367080547e+00
5.500000000000000444e-01 2.284850865301691347e-01 3.358938597947815075e-02 1.027111704924276392e+00
5.600000000000000533e-01 2.284643895048819040e-01 3.358557217768707442e-02 1.023821605514174005e+00
5.700000000000000622e-01 2.284370629636823802e-01 3.358053676750980682e-02 1.019477646136773163e+00
5.799999999999999600e-01 2.284040770796308961e-01 3.357445852090529259e-02 1.014234050201922255e+00
5.899999999999999689e-01 2.283712528910894213e-01 3.356841006962726914e-02 1.009016158168712929e+00
5.999999999999999778e-01 2.283395605711183718e-01 3.356257018563469502e-02 1.003978193446993572e+00
6.099999999999999867e-01 2.283090001197177199e-01 3.355693886892757716e-02 9.991201560367641843e-01
6.199999999999999956e-01 2.282795715368874656e-01 3.355151611950589474e-02 9.944420459380245436e-01
6.300000000000000044e-01 2.282512748226276089e-01 3.354630193736967553e-02 9.899438631507753161e-01
6.400000000000000133e-01 2.282241099769381221e-01 3.354129632251890564e-02 9.856256076750157247e-01
6.500000000000000222e-01 2.281980769998190606e-01 3.353649927495357119e-02 9.814872795107463244e-01
6.600000000000000311e-01 2.281731758912703967e-01 3.353191079467369301e-02 9.775288786579667821e-01
6.700000000000000400e-01 2.281494066512921026e-01 3.352753088167927109e-02 9.737504051166772090e-01
6.800000000000000488e-01 2.281267692798842062e-01 3.352335953597028462e-02 9.701518588868776050e-01
6.900000000000000577e-01 2.281052637770466518e-01 3.351939675754675441e-02 9.667332399685678590e-01
7.000000000000000666e-01 2.280848901427796060e-01 3.351564254640867352e-02 9.634945483617481932e-01
7.099999999999999645e-01 2.280656483770829024e-01 3.351209690255604196e-02 9.604357840664188295e-01
7.199999999999999734e-01 2.280475384799565686e-01 3.350875982598885972e-02 9.575569470825791019e-01
7.299999999999999822e-01 2.280305604514006601e-01 3.350563131670711986e-02 9.548580374102293433e-01
7.399999999999999911e-01 2.280147142914151492e-01 3.350271137471083627e-02 9.523390550493696649e-01
7.500000000000000000e-01 2.279999999999999805e-01 3.349999999999999506e-02 9.499999999999999556e-01
7.600000000000000089e-01 2.279864175771552648e-01 3.349749719257461011e-02 9.478408722621201044e-01
7.700000000000000178e-01 2.279739670228809467e-01 3.349520295243466755e-02 9.458616718357304443e-01
7.800000000000000266e-01 2.279626483371769707e-01 3.349311727958017432e-02 9.440623987208305312e-01
7.900000000000000355e-01 2.279524615200434201e-01 3.349124017401113734e-02 9.424430529174208093e-01
8.000000000000000444e-01 2.279434065714802948e-01 3.348957163572754969e-02 9.410036344255010565e-01
8.100000000000000533e-01 2.279354834914875116e-01 3.348811166472939749e-02 9.397441432450710508e-01
8.200000000000000622e-01 2.279286922800651816e-01 3.348686026101671542e-02 9.386645793761312362e-01
8.300000000000000711e-01 2.279230329372131936e-01 3.348581742458946880e-02 9.377649428186813907e-01
8.399999999999999689e-01 2.279185054629316032e-01 3.348498315544767151e-02 9.370452335727215143e-01
8.499999999999999778e-01 2.279151098572204104e-01 3.348435745359131660e-02 9.365054516382514960e-01
8.599999999999999867e-01 2.279128461200796429e-01 3.348394031902042489e-02 9.361455970152716688e-01
8.699999999999999956e-01 2.279117142515092453e-01 3.348373175173497557e-02 9.359656697037815887e-01
8.800000000000000044e-01 2.279117142515092453e-01 3.348373175173497557e-02 9.359656697037815887e-01
8.900000000000000133e-01 2.279128461200796152e-01 3.348394031902042489e-02 9.361455970152715578e-01
9.000000000000000222e-01 2.279151098572204381e-01 3.348435745359132354e-02 9.365054516382516070e-01
9.100000000000000311e-01 2.279185054629316309e-01 3.348498315544767151e-02 9.370452335727216253e-01
9.200000000000000400e-01 2.279230329372132213e-01 3.348581742458946880e-02 9.377649428186815017e-01
9.300000000000000488e-01 2.279286922800651816e-01 3.348686026101671542e-02 9.386645793761313472e-01
9.400000000000000577e-01 2.279354834914875116e-01 3.348811166472940443e-02 9.397441432450710508e-01
9.500000000000000666e-01 2.279434065714802671e-01 3.348957163572754969e-02 9.410036344255008345e-01
9.599999999999999645e-01 2.279524615200434201e-01 3.349124017401114428e-02 9.424430529174208093e-01
9.699999999999999734e-01 2.279626483371769985e-01 3.349311727958018819e-02 9.440623987208307533e-01
9.799999999999999822e-01 2.279739670228809467e-01 3.349520295243467449e-02 9.458616718357304443e-01
9.899999999999999911e-01 2.279864175771552648e-01 3.349749719257461011e-02 9.478408722621202154e-01
1.000000000000000000e+00 2.280000000000000082e-01 3.350000000000000200e-02 9.499999999999999556e-01
