0.000000000000000000e+00 0.000000000000000000e+00
3.000000000000000236e-02 0.000000000000000000e+00
1.370501820466611953e-01 -4.304385293923268518e-02
2.748653591666024298e-01 -1.223693463965367378e-01
4.332362116287640230e-01 -2.914127522716061791e-01
4.076294852022999682e-01 -5.111640660818924653e-01
3.898425643182689693e-01 -4.982170415022748045e-01
3.787373728078760049e-01 -3.303855192656863227e-01
2.257986480357124237e-01 -2.384230316409002293e-01
7.393890513621637073e-02 -1.965787568755466841e-01
3.000000000000000236e-02 -1.940000000000000058e-01
0.000000000000000000e+00 -1.940000000000000058e-01
