0.000000000000000000e+00 1.940000000000000058e-01 6.300000000000000044e-02 4.000000000000000777e-01
1.000000000000000021e-02 1.939999999999999503e-01 6.299999999999998657e-02 3.999999999999999667e-01
2.000000000000000042e-02 1.953052343998691320e-01 6.324980472632533990e-02 4.053621399003252135e-01
2.999999999999999889e-02 1.979157031996074401e-01 6.374941417897604656e-02 4.160864197009758181e-01
4.000000000000000083e-02 2.018314063992148466e-01 6.449882835795207880e-02 4.321728394019516140e-01
5.000000000000000278e-02 2.070523439986913794e-01 6.549804726325347826e-02 4.536213990032528232e-01
5.999999999999999778e-02 2.135785159980370940e-01 6.674707089488023104e-02 4.804320985048793347e-01
7.000000000000000666e-02 2.214099223972518793e-01 6.824589925283230940e-02 5.126049379068311485e-01
8.000000000000000167e-02 2.292741108855082532e-01 6.967551098562704825e-02 5.477163918695143741e-01
8.999999999999999667e-02 2.358986291519786227e-01 7.071688474178174089e-02 5.833429350533357871e-01
1.000000000000000056e-01 2.412834771966629877e-01 7.137002052129638729e-02 6.194845674582949435e-01
1.100000000000000006e-01 2.454286550195613481e-01 7.163491832417095972e-02 6.561412890843920653e-01
1.199999999999999956e-01 2.483341626206737041e-01 7.151157815040551369e-02 6.933130999316271526e-01
1.300000000000000044e-01 2.500000000000000000e-01 7.100000000000000755e-02 7.310000000000000941e-01
1.400000000000000133e-01 2.504261671575403470e-01 7.010018387295444131e-02 7.692019892895110011e-01
1.499999999999999944e-01 2.496126640932946894e-01 6.881212976926881497e-02 8.079190678001595405e-01
1.600000000000000033e-01 2.475594908072629718e-01 6.713583768894315629e-02 8.471512355319462673e-01
1.700000000000000122e-01 2.442666472994452498e-01 6.507130763197743750e-02 8.868984924848707374e-01
1.799999999999999933e-01 2.397341335698415787e-01 6.261853959837167249e-02 9.271608386589330619e-01
1.900000000000000022e-01 2.339619496184518754e-01 5.977753358812584739e-02 9.679382740541333519e-01
2.000000000000000111e-01 2.269500954452761399e-01 5.654828960123998993e-02 1.009230798670471829e+00
2.099999999999999922e-01 2.197361965600483080e-01 5.345993175307901801e-02 1.043024107014545621e+00
2.200000000000000011e-01 2.133578784725023159e-01 5.104158415900788420e-02 1.061303893592953518e+00
2.300000000000000100e-01 2.078151411826381634e-01 4.929324681902660932e-02 1.064070158405695299e+00
2.399999999999999911e-01 2.031079846904559061e-01 4.821491973313518642e-02 1.051322901452770964e+00
2.500000000000000000e-01 1.992364089959554607e-01 4.780660290133360857e-02 1.023062122734180290e+00
2.600000000000000089e-01 1.962004140991367995e-01 4.806829632362187577e-02 9.792878222499231677e-01
2.700000000000000178e-01 1.940000000000000058e-01 4.899999999999999495e-02 9.200000000000000400e-01
2.800000000000000266e-01 1.926351666985450239e-01 5.060171393046796612e-02 8.451986559844105740e-01
2.899999999999999800e-01 1.921059141947719096e-01 5.287343811502577540e-02 7.548837902031555469e-01
2.999999999999999889e-01 1.924122424886806626e-01 5.581517255367343666e-02 6.490554026562339596e-01
3.099999999999999978e-01 1.930714057851047882e-01 5.879797975817145639e-02 5.456591478523712402e-01
3.200000000000000067e-01 1.936006582888779026e-01 6.119292224028032023e-02 4.626406803002932056e-01
3.300000000000000155e-01 1.940000000000000335e-01 6.300000000000002820e-02 3.999999999999996891e-01
3.400000000000000244e-01 1.942694309184711254e-01 6.421921303733058028e-02 3.577371069514907465e-01
3.500000000000000333e-01 1.944089510442911783e-01 6.485056135227197649e-02 3.358520011547663220e-01
3.599999999999999867e-01 1.944185603774601923e-01 6.489404494482423069e-02 3.343446826098264157e-01
3.699999999999999956e-01 1.943154448407614365e-01 6.442743254782118401e-02 3.505193700728361228e-01
3.800000000000000044e-01 1.942027199708935559e-01 6.391733655826586924e-02 3.682013760807857916e-01
3.900000000000000133e-01 1.940975716906397086e-01 6.344152570899212751e-02 3.846949193898403507e-01
4.000000000000000222e-01 1.940000000000000058e-01 6.300000000000001432e-02 4.000000000000000222e-01
4.100000000000000311e-01 1.939100048989743363e-01 6.259275943128944641e-02 4.141166179112647505e-01
4.199999999999999845e-01 1.938275863875627558e-01 6.221980400286050011e-02 4.270447731236343691e-01
4.299999999999999933e-01 1.937527444657652087e-01 6.188113371471310603e-02 4.387844656371090446e-01
4.400000000000000022e-01 1.936854791335817505e-01 6.157674856684731274e-02 4.493356954516887769e-01
4.500000000000000111e-01 1.936257903910123812e-01 6.130664855926312717e-02 4.586984625673736771e-01
4.600000000000000200e-01 1.935736782380570731e-01 6.107083369196049383e-02 4.668727669841634675e-01
4.700000000000000289e-01 1.935291426747157983e-01 6.086930396493946127e-02 4.738586087020582593e-01
4.799999999999999822e-01 1.934921837009886125e-01 6.070205937820000869e-02 4.796559877210581080e-01
4.899999999999999911e-01 1.934628013168755434e-01 6.056909993174215689e-02 4.842649040411630690e-01
5.000000000000000000e-01 1.934409955223764799e-01 6.047042562556587814e-02 4.876853576623728648e-01
5.100000000000000089e-01 1.934267663174915053e-01 6.040603645967119323e-02 4.899173485846878839e-01
5.200000000000000178e-01 1.934201137022206196e-01 6.037593243405808829e-02 4.909608768081078489e-01
5.300000000000000266e-01 1.934210376765638228e-01 6.038011354872658415e-02 4.908159423326328707e-01
5.400000000000000355e-01 1.934295382405210317e-01 6.041857980367664610e-02 4.894825451582628384e-01
5.500000000000000444e-01 1.934456153940923850e-01 6.049133119890830884e-02 4.869606852849979184e-01
5.600000000000000533e-01 1.934692691372777718e-01 6.059836773442155156e-02 4.832503627128380552e-01
5.700000000000000622e-01 1.935004994700772474e-01 6.073968941021639506e-02 4.783515774417831379e-01
5.799999999999999600e-01 1.935381976232789514e-01 6.091027888869062629e-02 4.724382508424033178e-01
5.899999999999999689e-01 1.935757109816119981e-01 6.108003214423115418e-02 4.665539111381183934e-01
5.999999999999999778e-01 1.936119307758646380e-01 6.124393183923581424e-02 4.608724796994985162e-01
6.099999999999999867e-01 1.936468570060368433e-01 6.140197797370458566e-02 4.553939565265436862e-01
6.199999999999999956e-01 1.936804896721285585e-01 6.155417054763748230e-02 4.501183416192537923e-01
6.300000000000000044e-01 1.937128287741398391e-01 6.170050956103450418e-02 4.450456349776290010e-01
6.400000000000000133e-01 1.937438743120706575e-01 6.184099501389563741e-02 4.401758366016690904e-01
6.500000000000000222e-01 1.937736262859210412e-01 6.197562690622089587e-02 4.355089464913742270e-01
6.600000000000000311e-01 1.938020846956909904e-01 6.210440523801027263e-02 4.310449646467442997e-01
6.700000000000000400e-01 1.938292495413804495e-01 6.222733000926376074e-02 4.267838910677794195e-01
6.800000000000000488e-01 1.938551208229894740e-01 6.234440121998136020e-02 4.227257257544794755e-01
6.900000000000000577e-01 1.938796985405180362e-01 6.245561887016309877e-02 4.188704687068445232e-01
7.000000000000000666e-01 1.939029826939661638e-01 6.256098295980895563e-02 4.152181199248746735e-01
7.099999999999999645e-01 1.939249732833338569e-01 6.266049348891893078e-02 4.117686794085698154e-01
7.199999999999999734e-01 1.939456703086210598e-01 6.275415045749301035e-02 4.085221471579298380e-01
7.299999999999999822e-01 1.939650737698278282e-01 6.284195386553122209e-02 4.054785231729549078e-01
7.399999999999999911e-01 1.939831836669541343e-01 6.292390371303355212e-02 4.026378074536449692e-01
7.500000000000000000e-01 1.940000000000000058e-01 6.300000000000000044e-02 4.000000000000000777e-01
7.600000000000000089e-01 1.940155227689654427e-01 6.307024272643056706e-02 3.975651008120200669e-01
7.700000000000000178e-01 1.940297519738503618e-01 6.313463189232525197e-02 3.953331098897051588e-01
7.800000000000000266e-01 1.940426876146548740e-01 6.319316749768405517e-02 3.933040272330551868e-01
7.900000000000000355e-01 1.940543296913789240e-01 6.324584954250697666e-02 3.914778528420702064e-01
8.000000000000000444e-01 1.940646782040225671e-01 6.329267802679403032e-02 3.898545867167503287e-01
8.100000000000000533e-01 1.940737331525856924e-01 6.333365295054518840e-02 3.884342288570953317e-01
8.200000000000000622e-01 1.940814945370684386e-01 6.336877431376047864e-02 3.872167792631053818e-01
8.300000000000000711e-01 1.940879623574706947e-01 6.339804211643988718e-02 3.862022379347803680e-01
8.399999999999999689e-01 1.940931366137924607e-01 6.342145635858340014e-02 3.853906048721204014e-01
8.499999999999999778e-01 1.940970173060338200e-01 6.343901704019104526e-02 3.847818800751253709e-01
8.599999999999999867e-01 1.940996044341947446e-01 6.345072416126280868e-02 3.843760635437954432e-01
8.699999999999999956e-01 1.941008979982751792e-01 6.345657772179869038e-02 3.841731552781304515e-01
8.800000000000000044e-01 1.941008979982751792e-01 6.345657772179869038e-02 3.841731552781304515e-01
8.900000000000000133e-01 1.940996044341947169e-01 6.345072416126280868e-02 3.843760635437953876e-01
9.000000000000000222e-01 1.940970173060338477e-01 6.343901704019104526e-02 3.847818800751253709e-01
9.100000000000000311e-01 1.940931366137925163e-01 6.342145635858340014e-02 3.853906048721204014e-01
9.200000000000000400e-01 1.940879623574706947e-01 6.339804211643988718e-02 3.862022379347804235e-01
9.300000000000000488e-01 1.940814945370684386e-01 6.336877431376047864e-02 3.872167792631053818e-01
9.400000000000000577e-01 1.940737331525856924e-01 6.333365295054518840e-02 3.884342288570952761e-01
9.500000000000000666e-01 1.940646782040225393e-01 6.329267802679401644e-02 3.898545867167502732e-01
9.599999999999999645e-01 1.940543296913789240e-01 6.324584954250697666e-02 3.914778528420702064e-01
9.699999999999999734e-01 1.940426876146549018e-01 6.319316749768406904e-02 3.933040272330552423e-01
9.799999999999999822e-01 1.940297519738503895e-01 6.313463189232526585e-02 3.953331098897051588e-01
9.899999999999999911e-01 1.940155227689654149e-01 6.307024272643056706e-02 3.975651008120200669e-01
1.000000000000000000e+00 1.940000000000000058e-01 6.300000000000000044e-02 4.000000000000000222e-01
