0.000000000000000000e+00 2.000000000000000042e-02 9.700000000000000289e-02 0.000000000000000000e+00
1.000000000000000021e-02 2.000000000000000042e-02 9.699999999999997513e-02 0.000000000000000000e+00
2.000000000000000042e-02 1.981422331815879331e-02 9.707828684888163140e-02 0.000000000000000000e+00
2.999999999999999889e-02 1.944266995447638258e-02 9.723486054664490230e-02 0.000000000000000000e+00
4.000000000000000083e-02 1.888533990895275086e-02 9.746972109328978784e-02 0.000000000000000000e+00
5.000000000000000278e-02 1.814223318158791898e-02 9.778286848881634352e-02 0.000000000000000000e+00
5.999999999999999778e-02 1.721334977238188346e-02 9.817430273322451384e-02 0.000000000000000000e+00
7.000000000000000666e-02 1.609868968133462350e-02 9.864402382651429879e-02 0.000000000000000000e+00
8.000000000000000167e-02 1.500632460799100447e-02 9.907796581833108740e-02 0.000000000000000000e+00
8.999999999999999667e-02 1.414432625189585881e-02 9.936206275832019930e-02 0.000000000000000000e+00
1.000000000000000056e-01 1.351269461304918477e-02 9.949631464648164836e-02 0.000000000000000000e+00
1.100000000000000006e-01 1.311142969145098237e-02 9.948072148281543459e-02 0.000000000000000000e+00
1.199999999999999956e-01 1.294053148710125334e-02 9.931528326732157186e-02 0.000000000000000000e+00
1.300000000000000044e-01 1.299999999999999940e-02 9.900000000000000466e-02 0.000000000000000000e+00
1.400000000000000133e-01 1.328983523014721710e-02 9.853487168085078851e-02 0.000000000000000000e+00
1.499999999999999944e-01 1.381003717754290816e-02 9.791989830987389565e-02 0.000000000000000000e+00
1.600000000000000033e-01 1.456060584218707085e-02 9.715507988706933995e-02 0.000000000000000000e+00
1.700000000000000122e-01 1.554154122407970864e-02 9.624041641243710754e-02 0.000000000000000000e+00
1.799999999999999933e-01 1.675284332322081460e-02 9.517590788597721230e-02 0.000000000000000000e+00
1.900000000000000022e-01 1.819451213961039565e-02 9.396155430768965422e-02 0.000000000000000000e+00
2.000000000000000111e-01 1.986654767324845527e-02 9.259735567757443331e-02 0.000000000000000000e+00
2.099999999999999922e-01 2.150321391410085770e-02 9.131081599939493143e-02 0.000000000000000000e+00
2.200000000000000011e-01 2.283877485213348449e-02 9.032943927691457209e-02 0.000000000000000000e+00
2.300000000000000100e-01 2.387323048734633912e-02 8.965322551013336916e-02 0.000000000000000000e+00
2.399999999999999911e-01 2.460658081973941813e-02 8.928217469905132264e-02 0.000000000000000000e+00
2.500000000000000000e-01 2.503882584931272151e-02 8.921628684366840478e-02 0.000000000000000000e+00
2.600000000000000089e-01 2.516996557606624579e-02 8.945556194398461558e-02 0.000000000000000000e+00
2.700000000000000178e-01 2.499999999999999445e-02 8.999999999999999667e-02 0.000000000000000000e+00
2.800000000000000266e-01 2.452892912111397095e-02 9.084960101171452029e-02 0.000000000000000000e+00
2.899999999999999800e-01 2.375675293940817528e-02 9.200436497912817257e-02 0.000000000000000000e+00
2.999999999999999889e-01 2.268347145488260747e-02 9.346429190224098127e-02 0.000000000000000000e+00
3.099999999999999978e-01 2.156941853593867184e-02 9.493215395818913049e-02 0.000000000000000000e+00
3.200000000000000067e-01 2.067492805097780398e-02 9.611072332410880437e-02 0.000000000000000000e+00
3.300000000000000155e-01 1.999999999999999695e-02 9.700000000000001676e-02 0.000000000000000000e+00
3.400000000000000244e-01 1.954463438300525421e-02 9.759998398586273993e-02 0.000000000000000000e+00
3.500000000000000333e-01 1.930883119999357231e-02 9.791067528169701550e-02 0.000000000000000000e+00
3.599999999999999867e-01 1.929259045096495123e-02 9.793207388750280185e-02 0.000000000000000000e+00
3.699999999999999956e-01 1.946686618092590554e-02 9.770245038674053861e-02 0.000000000000000000e+00
3.800000000000000044e-01 1.965738265991547745e-02 9.745142828017244740e-02 0.000000000000000000e+00
3.900000000000000133e-01 1.983509393294017806e-02 9.721727815125892624e-02 0.000000000000000000e+00
4.000000000000000222e-01 2.000000000000000042e-02 9.699999999999998901e-02 0.000000000000000000e+00
4.100000000000000311e-01 2.015210086109495494e-02 9.679959382639564958e-02 0.000000000000000000e+00
4.199999999999999845e-01 2.029139651622503121e-02 9.661605963044585244e-02 0.000000000000000000e+00
4.299999999999999933e-01 2.041788696539023965e-02 9.644939741215065310e-02 0.000000000000000000e+00
4.400000000000000022e-01 2.053157220859056983e-02 9.629960717151000993e-02 0.000000000000000000e+00
4.500000000000000111e-01 2.063245224582603565e-02 9.616668890852396456e-02 0.000000000000000000e+00
4.600000000000000200e-01 2.072052707709662323e-02 9.605064262319248924e-02 0.000000000000000000e+00
4.700000000000000289e-01 2.079579670240233602e-02 9.595146831551557010e-02 0.000000000000000000e+00
4.799999999999999822e-01 2.085826112174317751e-02 9.586916598549326263e-02 0.000000000000000000e+00
4.899999999999999911e-01 2.090792033511915116e-02 9.580373563312551133e-02 0.000000000000000000e+00
5.000000000000000000e-01 2.094477434253024309e-02 9.575517725841234395e-02 0.000000000000000000e+00
5.100000000000000089e-01 2.096882314397647065e-02 9.572349086135373275e-02 0.000000000000000000e+00
5.200000000000000178e-01 2.098006673945782344e-02 9.570867644194971935e-02 0.000000000000000000e+00
5.300000000000000266e-01 2.097850512897430492e-02 9.571073400020027599e-02 0.000000000000000000e+00
5.400000000000000355e-01 2.096413831252590468e-02 9.572966353610540269e-02 0.000000000000000000e+00
5.500000000000000444e-01 2.093696629011264354e-02 9.576546504966514106e-02 0.000000000000000000e+00
5.600000000000000533e-01 2.089698906173450069e-02 9.581813854087942173e-02 0.000000000000000000e+00
5.700000000000000622e-01 2.084420662739148999e-02 9.588768400974828632e-02 0.000000000000000000e+00
5.799999999999999600e-01 2.078049291966382883e-02 9.597163238637104743e-02 0.000000000000000000e+00
5.899999999999999689e-01 2.071709153403287346e-02 9.605516925134370554e-02 0.000000000000000000e+00
5.999999999999999778e-01 2.065587640307884817e-02 9.613582553476558712e-02 0.000000000000000000e+00
6.099999999999999867e-01 2.059684752680174952e-02 9.621360123663667829e-02 0.000000000000000000e+00
6.199999999999999956e-01 2.054000490520158095e-02 9.628849635695700682e-02 0.000000000000000000e+00
6.300000000000000044e-01 2.048534853827834595e-02 9.636051089572653106e-02 0.000000000000000000e+00
6.400000000000000133e-01 2.043287842603204105e-02 9.642964485294529264e-02 0.000000000000000000e+00
6.500000000000000222e-01 2.038259456846266277e-02 9.649589822861326383e-02 0.000000000000000000e+00
6.600000000000000311e-01 2.033449696557021458e-02 9.655927102273047236e-02 0.000000000000000000e+00
6.700000000000000400e-01 2.028858561735469301e-02 9.661976323529686272e-02 0.000000000000000000e+00
6.800000000000000488e-01 2.024486052381610154e-02 9.667737486631249044e-02 0.000000000000000000e+00
6.900000000000000577e-01 2.020332168495444364e-02 9.673210591577734163e-02 0.000000000000000000e+00
7.000000000000000666e-01 2.016396910076971236e-02 9.678395638369140241e-02 0.000000000000000000e+00
7.099999999999999645e-01 2.012680277126191117e-02 9.683292627005468667e-02 0.000000000000000000e+00
7.199999999999999734e-01 2.009182269643104007e-02 9.687901557486718052e-02 0.000000000000000000e+00
7.299999999999999822e-01 2.005902887627709560e-02 9.692222429812889783e-02 0.000000000000000000e+00
7.399999999999999911e-01 2.002842131080008123e-02 9.696255243983985250e-02 0.000000000000000000e+00
7.500000000000000000e-01 1.999999999999999695e-02 9.700000000000000289e-02 0.000000000000000000e+00
7.600000000000000089e-01 1.997376494387684623e-02 9.703456697860937674e-02 0.000000000000000000e+00
7.700000000000000178e-01 1.994971614243062213e-02 9.706625337566798795e-02 0.000000000000000000e+00
7.800000000000000266e-01 1.992785359566132813e-02 9.709505919117578099e-02 0.000000000000000000e+00
7.900000000000000355e-01 1.990817730356896076e-02 9.712098442513281138e-02 0.000000000000000000e+00
8.000000000000000444e-01 1.989068726615352695e-02 9.714402907753907912e-02 0.000000000000000000e+00
8.100000000000000533e-01 1.987538348341501629e-02 9.716419314839454258e-02 0.000000000000000000e+00
8.200000000000000622e-01 1.986226595535344266e-02 9.718147663769924338e-02 0.000000000000000000e+00
8.300000000000000711e-01 1.985133468196879220e-02 9.719587954545313990e-02 0.000000000000000000e+00
8.399999999999999689e-01 1.984258966326107529e-02 9.720740187165625990e-02 0.000000000000000000e+00
8.499999999999999778e-01 1.983603089923028501e-02 9.721604361630860336e-02 0.000000000000000000e+00
8.599999999999999867e-01 1.983165838987643176e-02 9.722180477941017029e-02 0.000000000000000000e+00
8.699999999999999956e-01 1.982947213519949820e-02 9.722468536096096070e-02 0.000000000000000000e+00
8.800000000000000044e-01 1.982947213519949820e-02 9.722468536096096070e-02 0.000000000000000000e+00
8.900000000000000133e-01 1.983165838987642482e-02 9.722180477941017029e-02 0.000000000000000000e+00
9.000000000000000222e-01 1.983603089923028848e-02 9.721604361630861724e-02 0.000000000000000000e+00
9.100000000000000311e-01 1.984258966326107876e-02 9.720740187165627377e-02 0.000000000000000000e+00
9.200000000000000400e-01 1.985133468196879913e-02 9.719587954545313990e-02 0.000000000000000000e+00
9.300000000000000488e-01 1.986226595535344266e-02 9.718147663769924338e-02 0.000000000000000000e+00
9.400000000000000577e-01 1.987538348341501629e-02 9.716419314839452870e-02 0.000000000000000000e+00
9.500000000000000666e-01 1.989068726615352348e-02 9.714402907753906524e-02 0.000000000000000000e+00
9.599999999999999645e-01 1.990817730356896076e-02 9.712098442513281138e-02 0.000000000000000000e+00
9.699999999999999734e-01 1.992785359566132813e-02 9.709505919117579487e-02 0.000000000000000000e+00
9.799999999999999822e-01 1.994971614243062213e-02 9.706625337566797407e-02 0.000000000000000000e+00
9.899999999999999911e-01 1.997376494387684623e-02 9.703456697860937674e-02 0.000000000000000000e+00
1.000000000000000000e+00 2.000000000000000042e-02 9.700000000000000289e-02 0.000000000000000000e+00
