0.000000000000000000e+00 1.199999999999999817e-01 8.300000000000001821e-02 3.900000000000000688e-01
1.000000000000000021e-02 1.199999999999999678e-01 8.300000000000000433e-02 3.900000000000000688e-01
2.000000000000000042e-02 1.196764329011645173e-01 8.345642081478443775e-02 3.835643175280846195e-01
2.999999999999999889e-02 1.190292987034936023e-01 8.436926244435330458e-02 3.706929525842538875e-01
4.000000000000000083e-02 1.180585974069871813e-01 8.573852488870656319e-02 3.513859051685075396e-01
5.000000000000000278e-02 1.167643290116453236e-01 8.756420814784426909e-02 3.256431752808459645e-01
5.999999999999999778e-02 1.151464935174679877e-01 8.984631222176639453e-02 2.934647629212689401e-01
7.000000000000000666e-02 1.132050909244551595e-01 9.258483711047293951e-02 2.548506680897763554e-01
8.000000000000000167e-02 1.113634055023059316e-01 9.531864882637543224e-02 2.159670916977407540e-01
8.999999999999999667e-02 1.100447215207194102e-01 9.758661338188540091e-02 1.829802346565343185e-01
1.000000000000000056e-01 1.092490389796955397e-01 9.938873077700283165e-02 1.558900969661569380e-01
1.100000000000000006e-01 1.089763578792343757e-01 1.007250010117277383e-01 1.346966786266088068e-01
1.199999999999999956e-01 1.092266782193358765e-01 1.015954240860601349e-01 1.193999796378898415e-01
1.300000000000000044e-01 1.100000000000000283e-01 1.019999999999999934e-01 1.100000000000000006e-01
1.400000000000000133e-01 1.112963232212268588e-01 1.019387287535473141e-01 1.064967397129393256e-01
1.499999999999999944e-01 1.131156478830163681e-01 1.014116103467021246e-01 1.088901987767078167e-01
1.600000000000000033e-01 1.154579739853685560e-01 1.004186447794643972e-01 1.171803771913054598e-01
1.700000000000000122e-01 1.183233015282834089e-01 9.895983205183411791e-02 1.313672749567322273e-01
1.799999999999999933e-01 1.217116305117609404e-01 9.703517216381134236e-02 1.514508920729881747e-01
1.900000000000000022e-01 1.256229609358011645e-01 9.464466511539602889e-02 1.774312285400732880e-01
2.000000000000000111e-01 1.300572928004040396e-01 9.178831090658819136e-02 2.093082843579875951e-01
2.099999999999999922e-01 1.342852045507046954e-01 8.889978074240939554e-02 2.424380632633308386e-01
2.200000000000000011e-01 1.375772746318382755e-01 8.641274582788123493e-02 2.721765689927032605e-01
2.300000000000000100e-01 1.399335030438048078e-01 8.432720616300372340e-02 2.985238015461045835e-01
2.399999999999999911e-01 1.413538897866042365e-01 8.264316174777684709e-02 3.214797609235349185e-01
2.500000000000000000e-01 1.418384348602365896e-01 8.136061258220059211e-02 3.410444471249943210e-01
2.600000000000000089e-01 1.413871382647018393e-01 8.047955866627497235e-02 3.572178601504826245e-01
2.700000000000000178e-01 1.400000000000000133e-01 7.999999999999998779e-02 3.700000000000000511e-01
2.800000000000000266e-01 1.376770200661310839e-01 7.992193658337565232e-02 3.793908666735463786e-01
2.899999999999999800e-01 1.344181984630951066e-01 8.024536841640195206e-02 3.853904601711216626e-01
2.999999999999999889e-01 1.302235351908920813e-01 8.097029549907888701e-02 3.879987804927261252e-01
3.099999999999999978e-01 1.259791974318240915e-01 8.181293469307163169e-02 3.888295940381691351e-01
3.200000000000000067e-01 1.225713523681934147e-01 8.248950286004531895e-02 3.894966672072603942e-01
3.300000000000000155e-01 1.200000000000000094e-01 8.299999999999999045e-02 3.900000000000000688e-01
3.400000000000000244e-01 1.182651403272438756e-01 8.334442611293561842e-02 3.903395924163880482e-01
3.500000000000000333e-01 1.173667733499250410e-01 8.352278119885223062e-02 3.905154444564243876e-01
3.599999999999999867e-01 1.173048990680434500e-01 8.353506525774978542e-02 3.905275561201088652e-01
3.699999999999999956e-01 1.179688577082340789e-01 8.340324785650284067e-02 3.903975886521086625e-01
3.800000000000000044e-01 1.186946906303062710e-01 8.325914639635831338e-02 3.902555095204236491e-01
3.900000000000000133e-01 1.193717380608948914e-01 8.312473044419067814e-02 3.901229799697207845e-01
4.000000000000000222e-01 1.199999999999999956e-01 8.300000000000000433e-02 3.900000000000000688e-01
4.100000000000000311e-01 1.205794764476215697e-01 8.288495506378626421e-02 3.898865696112614465e-01
4.199999999999999845e-01 1.211101674037595721e-01 8.277959563554944389e-02 3.897826888035049175e-01
4.299999999999999933e-01 1.215920728684140306e-01 8.268392171528954337e-02 3.896883575767303709e-01
4.400000000000000022e-01 1.220251928415849868e-01 8.259793330300656267e-02 3.896035759309380286e-01
4.500000000000000111e-01 1.224095273232723852e-01 8.252163039870052952e-02 3.895283438661278352e-01
4.600000000000000200e-01 1.227450763134762396e-01 8.245501300237141618e-02 3.894626613822996797e-01
4.700000000000000289e-01 1.230318398121965501e-01 8.239808111401922264e-02 3.894065284794536175e-01
4.799999999999999822e-01 1.232698178194333166e-01 8.235083473364396278e-02 3.893599451575897041e-01
4.899999999999999911e-01 1.234590103351865947e-01 8.231327386124565049e-02 3.893229114167079397e-01
5.000000000000000000e-01 1.235994173594562595e-01 8.228539849682424412e-02 3.892954272568082130e-01
5.100000000000000089e-01 1.236910388922424220e-01 8.226720864037977143e-02 3.892774926778905797e-01
5.200000000000000178e-01 1.237338749335450405e-01 8.225870429191221855e-02 3.892691076799550398e-01
5.300000000000000266e-01 1.237279254833641429e-01 8.225988545142159936e-02 3.892702722630016487e-01
5.400000000000000355e-01 1.236731905416996596e-01 8.227075211890791384e-02 3.892809864270303510e-01
5.500000000000000444e-01 1.235696701085516880e-01 8.229130429437114813e-02 3.893012501720411467e-01
5.600000000000000533e-01 1.234173641839201307e-01 8.232154197781130223e-02 3.893310634980340357e-01
5.700000000000000622e-01 1.232162727678050712e-01 8.236146516922840388e-02 3.893704264050091290e-01
5.799999999999999600e-01 1.229735352004235338e-01 8.240965647721115728e-02 3.894179413933103184e-01
5.899999999999999689e-01 1.227319875230781926e-01 8.245761155329205117e-02 3.894652234650021194e-01
5.999999999999999778e-01 1.224987690759861553e-01 8.250391300605978973e-02 3.895108751204287567e-01
6.099999999999999867e-01 1.222738798591474219e-01 8.254856083551441459e-02 3.895548963595901748e-01
6.199999999999999956e-01 1.220573198725619507e-01 8.259155504165589801e-02 3.895972871824863182e-01
6.300000000000000044e-01 1.218490891162297557e-01 8.263289562448425385e-02 3.896380475891173534e-01
6.400000000000000133e-01 1.216491875901508646e-01 8.267258258399946824e-02 3.896771775794830028e-01
6.500000000000000222e-01 1.214576152943252635e-01 8.271061592020155506e-02 3.897146771535834331e-01
6.600000000000000311e-01 1.212743722287529663e-01 8.274699563309050043e-02 3.897505463114186997e-01
6.700000000000000400e-01 1.210994583934339175e-01 8.278172172266631823e-02 3.897847850529887470e-01
6.800000000000000488e-01 1.209328737883681587e-01 8.281479418892899458e-02 3.898173933782934086e-01
6.900000000000000577e-01 1.207746184135556899e-01 8.284621303187852948e-02 3.898483712873329066e-01
7.000000000000000666e-01 1.206246922689965390e-01 8.287597825151495068e-02 3.898777187801071853e-01
7.099999999999999645e-01 1.204830953546906641e-01 8.290408984783824431e-02 3.899054358566162448e-01
7.199999999999999734e-01 1.203498276706380654e-01 8.293054782084838261e-02 3.899315225168600296e-01
7.299999999999999822e-01 1.202248892168387567e-01 8.295535217054539334e-02 3.899559787608385397e-01
7.399999999999999911e-01 1.201082799932927381e-01 8.297850289692926262e-02 3.899788045885518861e-01
7.500000000000000000e-01 1.199999999999999956e-01 8.300000000000000433e-02 3.900000000000000133e-01
7.600000000000000089e-01 1.199000492369605431e-01 8.301984347975760459e-02 3.900195649951828658e-01
7.700000000000000178e-01 1.198084277041743945e-01 8.303803333620209115e-02 3.900374995741004436e-01
7.800000000000000266e-01 1.197251354016415081e-01 8.305456956933340851e-02 3.900538037367527466e-01
7.900000000000000355e-01 1.196501723293619118e-01 8.306945217915162605e-02 3.900684774831399415e-01
8.000000000000000444e-01 1.195835384873356472e-01 8.308268116565670214e-02 3.900815208132618617e-01
8.100000000000000533e-01 1.195252338755626170e-01 8.309425652884863678e-02 3.900929337271184516e-01
8.200000000000000622e-01 1.194752584940429185e-01 8.310417826872745772e-02 3.901027162247099334e-01
8.300000000000000711e-01 1.194336123427764684e-01 8.311244638529312334e-02 3.901108683060361404e-01
8.399999999999999689e-01 1.194002954217633083e-01 8.311906087854564751e-02 3.901173899710970727e-01
8.499999999999999778e-01 1.193753077310034522e-01 8.312402174848504410e-02 3.901222812198927858e-01
8.599999999999999867e-01 1.193586492704968860e-01 8.312732899511132700e-02 3.901255420524232798e-01
8.699999999999999956e-01 1.193503200402435960e-01 8.312898261842445458e-02 3.901271724686884990e-01
8.800000000000000044e-01 1.193503200402435960e-01 8.312898261842445458e-02 3.901271724686884990e-01
8.900000000000000133e-01 1.193586492704968721e-01 8.312732899511132700e-02 3.901255420524232242e-01
9.000000000000000222e-01 1.193753077310034660e-01 8.312402174848505798e-02 3.901222812198927858e-01
9.100000000000000311e-01 1.194002954217633222e-01 8.311906087854566139e-02 3.901173899710971282e-01
9.200000000000000400e-01 1.194336123427764823e-01 8.311244638529312334e-02 3.901108683060361959e-01
9.300000000000000488e-01 1.194752584940429185e-01 8.310417826872745772e-02 3.901027162247099889e-01
9.400000000000000577e-01 1.195252338755626031e-01 8.309425652884863678e-02 3.900929337271185071e-01
9.500000000000000666e-01 1.195835384873356194e-01 8.308268116565670214e-02 3.900815208132618617e-01
9.599999999999999645e-01 1.196501723293619118e-01 8.306945217915162605e-02 3.900684774831399415e-01
9.699999999999999734e-01 1.197251354016415220e-01 8.305456956933343626e-02 3.900538037367528577e-01
9.799999999999999822e-01 1.198084277041743806e-01 8.303803333620207727e-02 3.900374995741004436e-01
9.899999999999999911e-01 1.199000492369605431e-01 8.301984347975760459e-02 3.900195649951828658e-01
1.000000000000000000e+00 1.199999999999999956e-01 8.300000000000000433e-02 3.900000000000000133e-01
