0.000000000000000000e+00 0.000000000000000000e+00
3.824999999999999928e-02 0.000000000000000000e+00
1.581921487496193712e-01 -4.072689258906458942e-02
2.922748629610426585e-01 -1.881143299430925453e-01
3.611285545824384213e-01 -4.034995085045359198e-01
2.881810843241292552e-01 -6.344798561315618812e-01
2.691904782578540267e-01 -6.233732418303650213e-01
2.927179285572120149e-01 -4.124987444074679765e-01
2.143059041974787748e-01 -2.474847052941518688e-01
1.003336796352254645e-01 -1.898992678860300931e-01
3.824999999999999928e-02 -1.799999999999999933e-01
0.000000000000000000e+00 -1.799999999999999933e-01
