0.000000000000000000e+00 0.000000000000000000e+00
1.949999999999999997e-02 0.000000000000000000e+00
9.836497207301017620e-02 -3.654284554461539880e-03
2.822991935896079219e-01 -1.416674141963686351e-01
3.533363486217728222e-01 -3.735323086363496192e-01
3.792836464860950274e-01 -4.534842077090469603e-01
3.765408023516200187e-01 -4.753125563880922222e-01
2.706815290843621047e-01 -3.585596399617922425e-01
1.874979380193257383e-01 -2.473874309495741608e-01
7.597019870222648796e-02 -2.064213285376277074e-01
1.949999999999999997e-02 -1.980000000000000093e-01
0.000000000000000000e+00 -1.980000000000000093e-01
